0.04	0.00	1.01	0.59	-1.39	7.53	0.02	-0.00	0.64	24.78
0.04	-0.00	1.01	0.47	-1.08	8.08	0.02	-0.00	0.65	24.78
0.04	-0.00	1.01	0.89	-1.63	8.38	0.02	-0.00	0.65	24.77
0.04	-0.00	1.00	1.14	-3.16	8.69	0.03	-0.00	0.65	24.75
0.04	0.00	1.01	1.14	-3.16	7.95	0.03	-0.00	0.66	24.76
0.03	0.01	1.01	-0.82	0.93	7.04	0.03	-0.00	0.66	24.76
0.04	-0.00	1.00	-1.67	1.91	6.18	0.03	-0.00	0.66	24.78
0.04	-0.02	1.01	0.53	-0.41	7.10	0.03	-0.00	0.67	24.80
0.03	-0.01	1.00	1.02	-0.84	7.83	0.03	-0.00	0.67	24.77
0.03	-0.01	1.01	0.83	-0.35	7.59	0.03	-0.00	0.67	24.77
0.04	-0.00	1.00	1.56	-0.96	7.89	0.03	-0.00	0.68	24.78
0.04	-0.02	1.00	1.38	-2.06	8.08	0.03	-0.00	0.68	24.78
0.04	-0.00	1.00	1.56	-2.18	8.38	0.03	-0.00	0.68	24.78
0.03	-0.01	1.01	0.95	-2.06	8.56	0.03	-0.00	0.69	24.78
0.03	-0.01	1.01	1.69	-1.88	8.38	0.03	-0.00	0.69	24.77
0.04	-0.00	1.00	1.20	-0.66	8.38	0.03	-0.00	0.69	24.79
0.04	-0.01	1.01	1.50	-1.15	8.08	0.03	-0.00	0.70	24.76
0.04	-0.00	1.01	1.44	-1.21	7.59	0.03	-0.00	0.70	24.77
0.04	-0.01	1.01	1.02	-0.17	7.04	0.03	-0.00	0.70	24.77
0.04	-0.01	1.00	0.95	0.14	6.73	0.03	-0.00	0.70	24.78
0.03	-0.01	1.00	1.08	0.14	6.98	0.03	-0.00	0.71	24.75
0.03	-0.01	1.00	0.77	-0.60	7.34	0.03	-0.00	0.71	24.78
0.03	-0.02	1.00	0.89	-0.72	7.83	0.03	-0.00	0.71	24.78
0.03	-0.01	1.00	2.79	-0.90	7.89	0.03	-0.00	0.72	24.75
0.03	0.00	1.01	2.60	-1.02	7.77	0.03	-0.00	0.72	24.77
0.03	-0.01	1.00	2.17	-1.08	7.53	0.03	-0.00	0.72	24.78
0.03	-0.01	1.01	2.97	-0.72	7.22	0.03	-0.00	0.72	24.75
0.03	-0.00	1.01	2.30	-1.57	7.53	0.03	-0.00	0.73	24.79
0.03	-0.01	1.00	2.72	-2.24	8.63	0.03	-0.00	0.73	24.78
0.03	-0.00	1.01	3.21	-3.04	9.11	0.03	-0.00	0.73	24.76
0.03	0.00	1.00	3.27	-2.37	9.24	0.03	-0.00	0.74	24.76
0.03	0.00	1.01	2.36	-1.82	8.63	0.03	-0.00	0.74	24.75
0.03	-0.00	1.01	2.72	-2.24	8.50	0.03	-0.00	0.74	24.78
0.03	0.00	1.01	3.33	-2.79	8.93	0.03	-0.00	0.74	24.77
0.04	0.01	1.00	3.46	-2.06	8.44	0.03	-0.00	0.75	24.76
0.04	0.00	1.00	3.15	-1.02	8.44	0.03	-0.00	0.75	24.77
0.04	0.01	1.00	3.33	-1.45	7.71	0.03	-0.00	0.75	24.77
0.03	0.02	1.00	2.24	-1.27	7.71	0.03	-0.00	0.75	24.76
0.03	0.01	1.01	1.44	-0.78	7.59	0.03	-0.00	0.76	24.79
0.04	0.01	1.00	1.87	-0.66	7.59	0.03	-0.00	0.76	24.77
0.04	0.02	1.01	1.99	-1.82	7.89	0.03	-0.00	0.76	24.75
0.03	0.02	1.00	0.83	-1.45	7.89	0.03	-0.00	0.76	24.75
0.04	0.01	1.01	0.53	-1.51	7.95	0.03	-0.00	0.77	24.76
0.04	0.01	1.00	1.32	-1.69	7.77	0.03	-0.00	0.77	24.77
0.04	0.01	1.01	0.83	-2.06	7.89	0.03	-0.00	0.77	24.75
0.04	0.01	1.01	1.14	-1.63	7.77	0.03	-0.00	0.77	24.76
0.04	0.01	1.01	1.32	-1.15	7.53	0.03	-0.00	0.78	24.77
0.04	0.01	1.01	1.08	0.08	7.53	0.03	0.00	0.78	24.77
0.04	0.01	1.00	0.65	0.44	7.28	0.03	0.00	0.78	24.78
0.04	0.01	1.01	0.65	-0.96	7.22	0.03	0.00	0.78	24.79
0.04	0.01	1.01	1.38	-1.94	7.83	0.03	0.00	0.79	24.77
0.04	0.01	1.01	1.38	-1.33	7.89	0.03	0.00	0.79	24.75
0.04	0.02	1.01	0.10	-0.66	7.53	0.03	0.00	0.79	24.76
0.04	0.01	1.01	-0.94	0.08	6.86	0.03	0.00	0.79	24.76
0.04	0.00	1.00	-1.12	-1.08	7.65	0.03	0.00	0.79	24.76
0.04	-0.00	1.00	-0.21	-2.18	8.20	0.03	0.00	0.80	24.75
0.03	0.00	1.01	0.83	-2.49	9.72	0.03	0.00	0.80	24.79
0.04	0.00	1.01	0.59	-2.30	9.60	0.03	0.00	0.80	24.76
0.04	-0.00	1.00	0.34	-1.82	8.44	0.03	0.00	0.80	24.79
0.04	-0.01	1.01	1.26	-1.39	7.95	0.03	0.00	0.80	24.79
0.04	0.01	1.00	1.20	-0.29	7.16	0.03	0.00	0.81	24.77
0.04	-0.00	1.01	0.10	0.32	6.12	0.03	0.00	0.81	24.78
0.04	-0.01	1.00	0.04	0.87	6.43	0.03	0.00	0.81	24.76
0.03	-0.01	1.00	1.20	0.50	7.16	0.03	0.00	0.81	24.75
0.03	-0.00	1.01	1.32	-0.47	7.59	0.03	0.00	0.81	24.79
0.03	-0.01	1.00	0.71	-1.21	7.41	0.03	0.00	0.82	24.78
0.03	-0.00	1.01	0.59	-1.27	7.34	0.03	0.00	0.82	24.78
0.03	-0.01	1.00	0.47	-0.66	6.98	0.03	0.00	0.82	24.77
0.03	-0.01	1.01	0.28	-1.08	7.34	0.03	0.00	0.82	24.78
0.03	-0.01	1.00	1.38	-2.37	8.14	0.03	-0.00	0.82	24.76
0.03	-0.00	1.00	1.14	-2.18	8.26	0.03	-0.00	0.83	24.77
0.04	-0.00	1.00	0.65	-2.37	8.32	0.03	-0.00	0.83	24.78
0.04	-0.01	1.00	0.22	-1.94	8.50	0.03	-0.00	0.83	24.76
0.04	-0.01	1.00	1.14	-1.82	8.93	0.03	-0.00	0.83	24.77
0.04	-0.01	1.00	1.26	-2.24	8.08	0.03	-0.00	0.83	24.78
0.04	-0.01	1.01	0.89	-1.88	8.32	0.03	-0.00	0.83	24.78
0.04	-0.02	1.01	1.02	-1.57	8.50	0.03	-0.00	0.84	24.76
0.04	-0.01	1.01	1.50	-1.45	8.08	0.03	-0.00	0.84	24.78
0.04	-0.01	1.00	1.14	-0.90	7.95	0.03	-0.00	0.84	24.76
0.04	-0.01	1.01	1.08	-1.63	7.77	0.03	-0.00	0.84	24.76
0.04	-0.01	1.00	1.56	-1.82	8.02	0.03	-0.00	0.84	24.80
0.04	-0.01	1.00	1.20	-1.15	7.95	0.03	-0.00	0.84	24.77
0.04	-0.01	1.00	1.26	-0.47	7.83	0.03	-0.00	0.85	24.76
0.04	-0.01	1.00	1.08	-0.72	7.83	0.03	-0.00	0.85	24.77
0.04	-0.01	1.00	1.26	-1.51	7.89	0.03	-0.00	0.85	24.78
0.04	-0.01	1.00	1.69	-1.63	7.95	0.03	-0.00	0.85	24.77
0.04	-0.01	1.00	1.02	-0.84	7.89	0.03	-0.00	0.85	24.76
0.04	-0.01	1.00	1.50	-1.45	8.14	0.03	-0.00	0.85	24.78
0.04	-0.01	1.00	1.56	-1.45	8.32	0.03	-0.00	0.85	24.75
0.04	-0.01	1.00	1.44	-1.02	8.02	0.03	-0.00	0.86	24.73
0.04	-0.01	1.00	0.77	-0.84	7.71	0.03	-0.00	0.86	24.74
0.03	-0.01	1.00	0.83	-1.02	7.77	0.03	-0.00	0.86	24.77
0.04	-0.01	1.00	1.20	-1.51	8.02	0.03	-0.00	0.86	24.77
0.03	-0.01	1.01	0.83	-1.02	8.32	0.03	-0.00	0.86	24.76
0.04	-0.01	1.00	1.32	-0.72	8.56	0.03	-0.00	0.86	24.76
0.04	-0.01	1.01	1.69	-1.82	7.77	0.03	-0.00	0.86	24.76
0.04	-0.02	1.01	1.75	-0.66	7.59	0.03	-0.00	0.87	24.77
0.03	-0.01	1.00	2.91	0.62	8.08	0.03	-0.00	0.87	24.75
0.03	-0.01	1.00	2.48	-0.23	7.47	0.03	-0.00	0.87	24.76
0.03	-0.01	1.00	3.15	-1.51	8.20	0.03	-0.00	0.87	24.78
0.03	-0.01	1.00	3.15	-1.63	8.08	0.03	-0.00	0.87	24.77
0.03	-0.00	1.01	3.03	-1.27	8.02	0.03	-0.00	0.87	24.78
0.03	0.00	1.00	2.79	0.01	8.20	0.03	-0.00	0.87	24.78
0.03	-0.00	1.01	2.24	-0.23	8.02	0.03	-0.00	0.88	24.78
0.03	-0.00	1.00	3.15	-1.02	8.38	0.03	-0.00	0.88	24.77
0.03	0.01	1.00	2.97	-1.51	8.38	0.03	-0.00	0.88	24.79
0.03	0.00	1.01	2.17	-1.39	8.08	0.03	-0.00	0.88	24.79
0.03	0.00	1.01	2.36	-1.15	8.50	0.03	-0.00	0.88	24.77
0.03	0.01	1.01	2.05	-1.33	8.14	0.03	-0.00	0.88	24.78
0.03	0.01	1.01	0.89	-0.84	7.77	0.03	-0.00	0.88	24.79
0.04	0.00	1.01	0.95	-0.84	7.89	0.03	-0.00	0.88	24.79
0.03	0.01	1.01	1.38	-1.39	7.83	0.03	-0.00	0.89	24.78
0.03	0.01	1.01	0.59	-1.51	7.77	0.03	-0.00	0.89	24.78
0.03	-0.00	1.01	-0.02	-1.51	7.77	0.03	-0.00	0.89	24.78
0.03	-0.00	1.01	1.08	-1.69	8.08	0.03	-0.00	0.89	24.77
0.04	0.01	1.01	0.40	-1.57	7.83	0.03	-0.00	0.89	24.78
0.03	-0.00	1.00	0.34	-1.27	7.71	0.03	-0.00	0.89	24.76
0.03	-0.00	1.00	1.08	-1.39	7.95	0.03	-0.00	0.89	24.75
0.03	0.00	1.01	0.71	-1.69	7.89	0.03	-0.00	0.89	24.78
0.03	-0.00	1.00	0.47	-2.18	7.65	0.03	-0.00	0.89	24.75
0.04	-0.00	1.01	0.53	-1.88	7.53	0.03	-0.00	0.90	24.77
0.03	-0.00	1.00	-0.21	0.32	7.04	0.03	-0.00	0.90	24.78
0.03	-0.01	1.00	-0.33	0.44	7.59	0.03	-0.00	0.90	24.76
0.03	-0.01	1.00	0.53	-1.51	8.26	0.03	-0.00	0.90	24.78
0.03	-0.01	1.00	1.14	-1.69	8.14	0.03	-0.00	0.90	24.79
0.03	0.00	1.00	0.65	0.01	6.31	0.03	-0.00	0.90	24.76
0.03	-0.01	1.00	-0.39	1.48	6.18	0.03	-0.00	0.90	24.76
0.03	-0.02	1.00	0.22	-0.05	6.86	0.03	-0.00	0.90	24.76
0.03	-0.02	1.01	1.81	-2.06	9.54	0.03	-0.00	0.90	24.78
0.03	-0.00	1.00	2.24	-3.46	11.43	0.03	-0.00	0.91	24.76
0.03	-0.01	1.00	1.75	-4.38	11.31	0.03	-0.00	0.91	24.79
0.03	-0.01	1.00	1.08	-4.07	9.11	0.03	-0.00	0.91	24.77
0.03	-0.01	1.00	1.38	-0.17	7.47	0.03	-0.00	0.91	24.78
0.03	-0.01	1.00	0.83	0.93	6.61	0.03	-0.00	0.91	24.76
0.03	-0.01	1.01	1.32	-0.35	7.47	0.03	-0.00	0.91	24.76
0.03	-0.01	1.01	2.42	-1.33	8.50	0.03	-0.00	0.91	24.77
0.03	-0.00	1.00	2.72	-2.30	8.75	0.03	-0.00	0.91	24.77
0.03	-0.01	1.01	2.54	-2.55	8.81	0.03	-0.00	0.91	24.77
0.03	-0.01	1.01	2.60	-2.55	9.11	0.03	-0.00	0.91	24.78
0.03	0.00	1.00	2.36	-1.51	8.44	0.03	-0.00	0.91	24.76
0.03	-0.00	1.00	1.75	-2.73	7.95	0.03	-0.00	0.92	24.76
0.03	-0.01	1.01	2.66	-0.96	8.93	0.03	-0.00	0.92	24.76
0.04	-0.00	1.00	3.52	0.81	9.11	0.03	-0.00	0.92	24.76
0.03	0.01	1.00	3.09	2.21	7.47	0.03	-0.00	0.92	24.79
0.03	0.00	1.01	2.66	0.81	7.16	0.03	-0.00	0.92	24.76
0.03	0.01	1.01	3.94	-3.71	7.65	0.03	-0.00	0.92	24.78
0.03	0.01	1.01	2.72	-4.20	7.53	0.03	-0.00	0.92	24.77
0.03	0.01	1.01	0.77	-0.90	7.77	0.03	-0.00	0.92	24.76
0.03	0.01	1.01	0.22	1.42	8.02	0.03	-0.00	0.92	24.77
0.03	-0.01	1.01	2.05	0.62	8.99	0.03	-0.00	0.92	24.77
0.03	0.01	1.00	3.64	-0.84	8.56	0.03	-0.00	0.92	24.78
0.03	0.02	1.01	1.56	-1.76	7.34	0.03	-0.00	0.93	24.77
0.03	0.00	1.01	1.38	-2.18	6.67	0.03	-0.00	0.93	24.79
0.03	0.01	1.01	1.32	-2.37	6.79	0.03	-0.00	0.93	24.77
0.03	0.01	1.01	0.53	-0.60	6.49	0.03	-0.00	0.93	24.77
0.03	0.01	1.01	-0.08	0.87	7.41	0.03	-0.00	0.93	24.76
0.03	0.00	1.01	0.53	0.44	7.77	0.03	-0.00	0.93	24.76
0.03	0.01	1.00	0.59	-1.08	7.95	0.03	-0.00	0.93	24.77
0.03	0.00	1.00	0.47	-3.10	8.20	0.03	-0.00	0.93	24.76
0.03	0.00	1.01	1.26	-2.85	8.50	0.03	-0.00	0.93	24.76
0.03	0.01	1.01	1.08	-1.82	8.38	0.03	-0.00	0.93	24.77
0.03	0.01	1.00	0.95	-1.51	8.26	0.03	-0.00	0.93	24.78
0.03	0.00	1.01	0.34	-1.15	8.02	0.03	-0.00	0.93	24.78
0.03	0.00	1.01	0.77	-0.90	7.77	0.03	-0.00	0.93	24.77
0.03	0.00	1.01	0.40	-1.57	7.77	0.03	-0.00	0.94	24.78
0.03	0.00	1.01	-0.21	-1.51	7.59	0.03	-0.00	0.94	24.78
0.03	-0.00	1.01	-0.08	-1.08	7.65	0.03	-0.00	0.94	24.77
0.03	-0.01	1.00	0.53	-1.45	7.95	0.03	-0.00	0.94	24.79
0.03	-0.00	1.01	0.71	-0.78	8.14	0.03	-0.00	0.94	24.77
0.04	-0.00	1.00	0.89	-0.72	8.38	0.03	-0.00	0.94	24.76
0.03	-0.01	1.01	1.02	-1.82	8.14	0.03	-0.00	0.94	24.74
0.03	0.00	1.00	1.50	-2.00	8.20	0.03	-0.00	0.94	24.78
0.03	-0.00	1.01	0.95	-1.63	7.77	0.03	-0.00	0.94	24.78
0.03	-0.00	1.01	0.89	-1.39	7.95	0.03	-0.00	0.94	24.77
0.03	-0.01	1.01	1.32	-0.41	8.02	0.03	-0.00	0.94	24.78
0.03	-0.00	1.00	1.26	-0.47	7.83	0.03	-0.00	0.94	24.76
0.03	-0.00	1.00	1.14	-1.45	7.59	0.03	-0.00	0.94	24.75
0.03	-0.00	1.00	0.77	-1.94	7.71	0.03	-0.00	0.94	24.76
0.03	-0.01	1.00	1.44	-1.51	8.38	0.03	-0.00	0.94	24.79
0.03	0.00	1.00	1.32	-1.33	8.20	0.03	-0.00	0.94	24.74
0.03	-0.01	1.01	0.83	-1.45	7.83	0.03	-0.00	0.95	24.77
0.03	-0.01	1.01	1.50	-1.76	7.95	0.03	-0.00	0.95	24.76
0.03	0.00	1.00	0.83	-1.69	7.95	0.03	-0.00	0.95	24.78
0.03	-0.01	1.00	0.65	-1.88	7.71	0.03	-0.00	0.95	24.79
0.04	0.00	1.00	1.38	-3.34	6.98	0.03	-0.00	0.95	24.77
0.04	-0.01	1.01	-0.08	-2.98	6.92	0.03	-0.00	0.95	24.76
0.04	-0.02	1.00	1.69	-1.88	7.83	0.03	-0.00	0.95	24.76
0.04	-0.00	1.00	1.26	-2.73	8.14	0.03	-0.00	0.95	24.76
0.04	-0.02	1.00	0.89	-0.90	8.14	0.03	-0.00	0.95	24.76
0.04	-0.00	1.00	1.56	-1.57	8.02	0.03	-0.00	0.95	24.77
0.04	-0.01	1.00	1.08	-1.82	7.77	0.03	-0.00	0.95	24.79
0.04	-0.01	1.01	1.14	-1.21	7.83	0.03	-0.00	0.95	24.76
0.04	-0.01	1.00	1.69	-1.02	7.95	0.03	-0.00	0.95	24.75
0.04	-0.00	1.01	1.38	-1.02	7.89	0.03	-0.00	0.95	24.79
0.04	-0.01	1.00	1.02	-1.82	8.02	0.03	-0.00	0.95	24.75
0.04	-0.01	1.00	1.63	-2.12	8.20	0.03	-0.00	0.95	24.77
0.04	-0.00	1.00	1.63	-0.96	8.08	0.03	-0.00	0.95	24.76
0.04	-0.01	1.00	0.40	-0.23	7.71	0.03	-0.00	0.95	24.74
0.04	-0.02	1.01	1.87	-0.29	8.32	0.03	-0.00	0.96	24.74
0.04	-0.00	1.00	2.48	-2.00	8.50	0.03	-0.00	0.96	24.77
0.04	-0.01	1.00	2.24	-2.67	8.20	0.03	-0.00	0.96	24.77
0.04	-0.00	1.00	1.38	-1.45	7.89	0.03	-0.00	0.96	24.77
0.04	-0.02	1.01	1.56	0.50	7.95	0.03	-0.00	0.96	24.76
0.04	-0.00	1.00	3.21	-0.11	8.20	0.03	-0.00	0.96	24.75
0.04	-0.00	1.00	2.17	-1.69	7.83	0.03	-0.00	0.96	24.77
0.04	-0.01	1.01	2.42	-1.82	8.14	0.03	-0.00	0.96	24.76
0.04	-0.01	1.00	3.33	-0.78	8.50	0.03	-0.00	0.96	24.76
0.04	0.01	1.00	2.79	-1.02	8.26	0.03	-0.00	0.96	24.77
0.04	0.00	1.01	2.11	-1.15	7.83	0.03	-0.00	0.96	24.76
0.04	-0.00	1.01	2.72	-2.18	8.14	0.03	-0.00	0.96	24.76
0.04	0.00	1.01	2.72	-1.02	8.20	0.03	-0.00	0.96	24.78
0.04	0.00	1.01	2.24	-0.05	7.89	0.03	-0.00	0.96	24.78
0.04	0.01	1.01	2.36	-1.08	8.02	0.03	-0.00	0.96	24.76
0.04	-0.00	1.01	1.81	-1.15	7.95	0.03	-0.00	0.96	24.76
0.04	0.00	1.01	3.21	-0.53	8.38	0.03	-0.00	0.96	24.76
0.03	0.02	1.01	2.66	-1.82	8.02	0.03	-0.00	0.96	24.75
0.04	0.01	1.01	1.87	-3.16	8.50	0.03	-0.00	0.96	24.78
0.04	0.00	1.00	0.95	-5.23	8.63	0.03	-0.00	0.96	24.78
0.04	0.01	1.01	1.81	-3.04	8.56	0.03	-0.00	0.96	24.77
0.04	0.00	1.00	-0.02	-0.11	8.75	0.03	-0.00	0.96	24.74
0.05	-0.01	1.01	1.69	-0.47	8.32	0.03	-0.00	0.97	24.77
0.04	0.01	1.01	3.64	-2.18	7.53	0.03	-0.00	0.97	24.76
0.05	0.01	1.01	2.24	-2.61	6.79	0.03	-0.00	0.97	24.75
0.04	0.00	1.02	2.48	-1.69	5.70	0.03	-0.00	0.97	24.76
0.05	0.02	1.01	2.30	-0.17	6.55	0.03	-0.00	0.97	24.75
0.04	0.01	1.01	1.56	-0.11	7.89	0.03	-0.00	0.97	24.77
0.04	0.01	1.01	2.79	-0.05	7.47	0.03	-0.00	0.97	24.77
0.04	0.02	1.00	1.56	-0.35	6.67	0.03	-0.00	0.97	24.74
0.04	0.01	1.01	-0.02	-1.45	7.53	0.03	-0.00	0.97	24.75
0.04	0.00	1.01	1.08	-3.16	8.50	0.03	-0.00	0.97	24.76
0.03	0.00	1.01	1.38	-3.16	9.91	0.03	-0.00	0.97	24.76
0.04	0.01	1.01	1.44	-1.76	10.46	0.03	-0.00	0.97	24.77
0.05	0.01	1.01	1.81	-3.59	10.64	0.03	-0.00	0.97	24.76
0.04	0.01	1.01	2.11	-6.88	9.91	0.03	-0.00	0.97	24.76
0.05	0.02	1.01	1.99	-9.51	8.69	0.04	-0.00	0.97	24.76
0.06	0.02	1.01	1.14	-10.48	7.65	0.04	-0.00	0.97	24.77
0.07	0.01	1.01	1.75	-9.93	7.47	0.04	-0.00	0.97	24.75
0.08	0.01	1.00	1.75	-8.71	8.69	0.04	0.00	0.97	24.78
0.08	0.01	1.01	2.30	-5.42	9.24	0.04	0.00	0.97	24.75
0.08	0.02	1.01	2.30	-0.17	8.50	0.04	0.00	0.97	24.74
0.08	0.01	1.01	0.40	5.45	7.89	0.04	0.00	0.97	24.78
0.07	0.01	1.01	0.83	1.85	6.61	0.04	0.00	0.97	24.76
0.06	0.01	1.01	2.54	-2.67	6.49	0.04	0.00	0.97	24.76
0.07	0.02	1.01	1.26	1.24	5.39	0.04	0.00	0.97	24.77
0.07	0.02	1.01	1.50	-1.45	5.64	0.04	0.00	0.97	24.76
0.07	0.02	1.01	-0.82	2.27	4.60	0.04	0.00	0.97	24.77
0.06	0.01	1.01	1.56	0.08	7.22	0.04	0.00	0.98	24.77
0.07	0.02	1.01	2.72	-3.83	8.20	0.04	0.00	0.98	24.76
0.07	0.03	1.01	-1.24	5.45	7.83	0.04	0.00	0.98	24.77
0.07	-0.00	1.01	-0.33	3.31	7.65	0.04	0.00	0.98	24.77
0.06	0.02	1.00	1.14	3.37	8.14	0.04	0.00	0.98	24.77
0.05	0.03	1.01	1.87	-1.45	7.89	0.04	0.00	0.98	24.77
0.01	0.05	1.02	-0.88	2.46	3.01	0.04	0.00	0.98	24.76
0.11	-0.02	1.02	-0.27	-0.60	2.10	0.04	0.00	0.98	24.77
0.06	0.04	1.00	3.21	0.81	9.79	0.04	0.00	0.98	24.77
0.02	-0.09	1.02	3.27	-0.17	14.06	0.04	0.00	0.98	24.77
0.00	0.03	1.01	11.51	-2.37	12.72	0.04	0.00	0.98	24.76
0.10	0.03	1.01	8.83	0.38	-2.12	0.04	0.00	0.98	24.77
0.04	0.09	1.06	29.21	0.99	7.71	0.04	0.00	0.98	24.76
0.30	-0.20	0.97	22.50	-11.09	5.82	0.04	0.00	0.98	24.76
0.14	-0.01	1.01	27.14	3.19	23.09	0.04	0.00	0.98	24.78
0.12	0.06	1.08	33.06	11.31	19.67	0.05	0.00	0.98	24.74
0.06	0.05	1.08	41.54	17.10	10.03	0.05	0.00	0.98	24.76
-0.06	0.17	1.03	62.60	6.91	12.96	0.04	0.00	0.98	24.76
0.01	0.30	1.02	54.18	-12.56	-5.29	0.04	0.01	0.98	24.76
-0.05	0.33	0.99	31.78	-31.30	0.02	0.04	0.01	0.98	24.74
0.02	0.23	0.99	11.82	4.71	-1.14	0.04	0.01	0.98	24.76
-0.03	0.36	0.98	23.42	7.52	-1.44	0.04	0.02	0.98	24.74
0.02	0.17	1.03	-37.93	-8.23	15.52	0.04	0.02	0.98	24.76
0.06	0.16	1.04	-4.11	-8.77	23.58	0.04	0.02	0.98	24.76
0.04	0.37	0.97	31.72	-10.61	19.25	0.04	0.02	0.98	24.76
0.04	0.44	0.95	26.65	1.85	15.22	0.04	0.03	0.98	24.76
0.12	0.49	0.96	17.98	-1.88	12.10	0.04	0.03	0.98	24.74
0.08	0.46	0.97	11.15	-9.69	10.70	0.04	0.04	0.98	24.74
0.12	0.40	1.08	2.48	-21.65	12.10	0.04	0.04	0.98	24.77
0.08	0.31	1.08	2.66	-23.61	12.96	0.04	0.04	0.99	24.73
0.18	0.47	1.19	-9.12	-7.74	9.72	0.05	0.05	0.99	24.76
0.11	0.24	1.07	-9.60	-4.38	15.58	0.05	0.05	0.99	24.75
0.07	0.30	0.98	1.63	-3.22	12.72	0.05	0.05	0.99	24.73
0.06	0.35	1.06	-12.72	-9.14	13.57	0.05	0.05	0.99	24.76
0.14	0.32	1.07	-12.78	-9.87	6.31	0.05	0.06	0.99	24.74
0.10	0.26	1.05	5.17	-0.72	9.66	0.05	0.06	0.99	24.76
0.12	0.26	1.04	-1.18	-0.29	7.83	0.05	0.06	0.99	24.76
0.13	0.31	1.04	0.40	-1.33	8.38	0.05	0.06	0.99	24.76
0.12	0.30	1.03	1.38	-1.51	9.05	0.05	0.07	0.99	24.75
0.13	0.31	1.04	1.69	-1.57	9.48	0.05	0.07	0.99	24.73
0.11	0.28	1.04	1.56	-1.08	7.95	0.05	0.07	0.99	24.74
0.12	0.28	1.04	1.08	-0.96	7.95	0.05	0.07	0.99	24.76
0.12	0.29	1.04	1.32	-1.15	7.89	0.05	0.07	0.99	24.74
0.12	0.29	1.03	1.32	-1.39	8.02	0.05	0.08	0.99	24.75
0.13	0.29	1.04	0.34	-0.78	7.71	0.05	0.08	0.99	24.73
0.13	0.32	1.04	1.38	-1.51	8.14	0.06	0.08	0.99	24.75
0.13	0.31	1.04	1.56	-1.57	8.20	0.06	0.08	0.99	24.75
0.13	0.29	1.04	1.75	-1.57	8.14	0.06	0.09	1.00	24.74
0.12	0.28	1.04	1.75	-1.63	8.02	0.06	0.09	1.00	24.75
0.12	0.28	1.04	1.26	-1.45	8.08	0.06	0.09	1.00	24.76
0.12	0.28	1.04	1.20	-1.08	7.89	0.06	0.09	1.00	24.75
0.12	0.29	1.04	1.14	-1.39	8.08	0.06	0.09	1.00	24.74
0.12	0.29	1.04	1.32	-1.57	8.02	0.06	0.09	1.00	24.75
0.13	0.29	1.04	1.38	-1.27	8.08	0.06	0.10	1.00	24.77
0.12	0.29	1.04	1.38	-1.33	8.02	0.06	0.10	1.00	24.73
0.12	0.29	1.04	1.44	-1.45	8.14	0.06	0.10	1.00	24.76
0.12	0.29	1.04	1.38	-1.21	8.02	0.06	0.10	1.00	24.74
0.12	0.29	1.04	1.32	-1.21	8.20	0.06	0.10	1.00	24.76
0.12	0.29	1.03	1.32	-1.27	8.02	0.06	0.11	1.00	24.76
0.12	0.29	1.04	1.38	-1.33	8.14	0.06	0.11	1.00	24.74
0.12	0.29	1.04	1.38	-1.21	8.08	0.06	0.11	1.00	24.77
0.12	0.29	1.04	1.32	-1.21	8.14	0.07	0.11	1.00	24.74
0.12	0.29	1.04	1.26	-1.21	8.08	0.07	0.11	1.00	24.77
0.12	0.29	1.04	1.38	-1.33	8.08	0.07	0.12	1.00	24.74
0.12	0.29	1.04	1.32	-1.21	8.14	0.07	0.12	1.00	24.75
0.12	0.29	1.04	1.26	-1.21	8.08	0.07	0.12	1.00	24.75
0.12	0.29	1.03	1.44	-1.27	8.02	0.07	0.12	1.00	24.72
0.12	0.29	1.04	1.38	-1.33	8.08	0.07	0.12	1.00	24.75
0.12	0.29	1.04	1.38	-1.39	8.02	0.07	0.12	1.00	24.73
0.12	0.29	1.04	1.32	-1.33	7.95	0.07	0.13	1.00	24.74
0.12	0.29	1.03	1.32	-1.33	8.08	0.07	0.13	1.00	24.75
0.12	0.29	1.04	1.38	-1.33	8.02	0.07	0.13	1.00	24.76
0.12	0.29	1.04	1.26	-1.39	8.08	0.07	0.13	1.00	24.76
0.12	0.29	1.04	1.32	-1.51	8.14	0.07	0.13	1.00	24.74
0.12	0.29	1.04	1.20	-1.21	8.14	0.07	0.13	1.01	24.76
0.12	0.29	1.03	1.32	-1.02	8.08	0.07	0.14	1.01	24.73
0.12	0.29	1.04	1.38	-1.08	8.02	0.07	0.14	1.01	24.78
0.12	0.29	1.04	1.32	-1.27	8.08	0.07	0.14	1.01	24.76
0.12	0.29	1.04	1.38	-1.39	8.08	0.07	0.14	1.01	24.75
0.12	0.29	1.04	1.20	-1.39	7.95	0.07	0.14	1.01	24.75
0.12	0.29	1.04	1.38	-1.45	8.02	0.07	0.14	1.01	24.77
0.12	0.29	1.04	1.32	-1.33	8.02	0.08	0.14	1.01	24.77
0.12	0.29	1.04	1.50	-1.02	8.08	0.08	0.15	1.01	24.76
0.12	0.29	1.04	1.38	-0.90	8.08	0.08	0.15	1.01	24.76
0.12	0.29	1.04	1.26	-0.78	8.08	0.08	0.15	1.01	24.75
0.12	0.29	1.04	1.32	-1.15	8.02	0.08	0.15	1.01	24.76
0.12	0.29	1.04	1.32	-1.33	8.14	0.08	0.15	1.01	24.73
0.12	0.29	1.03	1.38	-1.21	7.89	0.08	0.15	1.01	24.74
0.12	0.30	0.96	1.38	-1.21	8.08	0.08	0.15	1.01	24.74
0.12	0.27	1.09	0.89	-0.72	7.95	0.08	0.16	1.01	24.74
0.10	0.31	1.03	1.87	-1.02	8.14	0.08	0.16	1.01	24.72
0.13	0.29	1.03	0.77	-1.76	8.14	0.08	0.16	1.01	24.75
0.13	0.28	1.05	1.50	-0.96	7.95	0.08	0.16	1.01	24.76
0.11	0.30	1.03	1.44	-1.45	7.89	0.08	0.16	1.01	24.76
0.13	0.28	1.04	1.26	-1.39	8.14	0.08	0.16	1.01	24.76
0.12	0.29	1.03	1.63	-1.02	7.89	0.08	0.16	1.01	24.75
0.12	0.29	1.04	1.26	-1.33	8.14	0.08	0.16	1.01	24.74
0.12	0.28	1.04	1.20	-1.21	7.95	0.08	0.17	1.01	24.72
0.12	0.29	1.04	1.32	-1.33	8.02	0.08	0.17	1.01	24.74
0.12	0.28	1.04	1.26	-1.27	8.14	0.08	0.17	1.01	24.76
0.12	0.29	1.04	1.44	-1.21	8.02	0.08	0.17	1.01	24.75
0.12	0.29	1.04	1.20	-1.21	8.02	0.08	0.17	1.01	24.75
0.12	0.29	1.04	1.38	-1.27	8.02	0.08	0.17	1.01	24.73
0.12	0.29	1.04	1.38	-1.21	8.02	0.08	0.17	1.01	24.74
0.13	0.29	1.04	1.26	-1.21	7.95	0.08	0.17	1.01	24.75
0.11	0.29	1.04	1.38	-1.21	8.20	0.08	0.18	1.01	24.73
0.12	0.29	1.04	1.38	-1.15	8.02	0.09	0.18	1.01	24.74
0.12	0.29	1.04	1.38	-1.21	8.02	0.09	0.18	1.01	24.75
0.12	0.29	1.04	1.38	-1.21	8.02	0.09	0.18	1.01	24.74
0.12	0.29	1.04	1.32	-1.27	8.08	0.09	0.18	1.01	24.74
0.12	0.29	1.04	1.26	-1.21	7.95	0.09	0.18	1.01	24.74
0.12	0.29	1.04	1.44	-1.21	8.02	0.09	0.18	1.01	24.75
0.12	0.29	1.03	1.26	-1.21	8.02	0.09	0.18	1.02	24.76
0.12	0.29	1.04	1.38	-1.27	8.02	0.09	0.18	1.02	24.75
0.12	0.29	1.04	1.38	-1.27	8.02	0.09	0.19	1.02	24.75
0.12	0.29	1.04	1.38	-1.15	8.14	0.09	0.19	1.02	24.73
0.12	0.29	1.04	1.26	-1.27	8.14	0.09	0.19	1.02	24.74
0.12	0.29	1.04	1.32	-1.21	8.08	0.09	0.19	1.02	24.75
0.12	0.29	1.04	1.32	-1.33	8.08	0.09	0.19	1.02	24.74
0.12	0.29	1.04	1.26	-1.21	8.08	0.09	0.19	1.02	24.75
0.12	0.29	1.04	1.26	-1.27	8.02	0.09	0.19	1.02	24.75
0.12	0.29	1.04	1.32	-1.27	7.95	0.09	0.19	1.02	24.74
0.12	0.29	1.04	1.38	-1.33	7.95	0.09	0.19	1.02	24.73
0.12	0.29	1.04	1.20	-1.27	8.14	0.09	0.19	1.02	24.73
0.12	0.29	1.03	1.32	-1.21	7.95	0.09	0.19	1.02	24.74
0.12	0.29	1.04	1.32	-1.27	7.95	0.09	0.20	1.02	24.74
0.12	0.29	1.04	1.32	-1.21	8.02	0.09	0.20	1.02	24.75
0.12	0.29	1.03	1.32	-1.15	8.02	0.09	0.20	1.02	24.74
0.12	0.29	1.04	1.38	-1.27	7.89	0.09	0.20	1.02	24.74
0.12	0.29	1.04	1.38	-1.27	7.89	0.09	0.20	1.02	24.75
0.12	0.29	1.04	1.38	-1.39	8.08	0.09	0.20	1.02	24.75
0.12	0.29	1.04	1.38	-1.21	7.95	0.09	0.20	1.02	24.75
0.12	0.29	1.04	1.32	-1.39	8.08	0.09	0.20	1.02	24.74
0.12	0.29	1.04	1.32	-1.21	8.02	0.09	0.20	1.02	24.77
0.12	0.29	1.03	1.26	-1.33	8.02	0.09	0.20	1.02	24.75
0.12	0.29	1.03	1.26	-1.33	7.95	0.09	0.20	1.02	24.76
0.12	0.29	1.04	1.44	-1.21	8.08	0.09	0.21	1.02	24.73
0.12	0.29	1.04	1.32	-1.27	7.95	0.09	0.21	1.02	24.76
0.12	0.29	1.04	1.38	-1.33	7.89	0.09	0.21	1.02	24.74
0.12	0.29	1.04	1.38	-1.33	8.08	0.09	0.21	1.02	24.74
0.12	0.29	1.04	1.44	-1.15	7.89	0.10	0.21	1.02	24.73
0.12	0.29	1.04	1.32	-1.27	7.95	0.10	0.21	1.02	24.74
0.12	0.29	1.03	1.38	-1.21	8.02	0.10	0.21	1.02	24.74
0.12	0.29	1.04	1.38	-1.27	8.02	0.10	0.21	1.02	24.73
0.12	0.29	1.04	1.32	-1.21	7.95	0.10	0.21	1.02	24.74
0.12	0.29	1.04	1.32	-1.21	8.08	0.10	0.21	1.02	24.74
0.12	0.29	1.04	1.32	-1.21	7.95	0.10	0.21	1.02	24.73
0.12	0.29	1.04	1.38	-1.27	8.02	0.10	0.21	1.02	24.72
0.12	0.29	1.03	1.44	-1.27	8.02	0.10	0.21	1.02	24.75
0.12	0.29	1.03	1.32	-1.21	8.08	0.10	0.22	1.02	24.74
0.12	0.29	1.04	1.38	-1.33	8.08	0.10	0.22	1.02	24.74
0.12	0.29	1.04	1.44	-1.21	8.02	0.10	0.22	1.02	24.74
0.12	0.29	1.04	1.32	-1.27	7.95	0.10	0.22	1.02	24.75
0.12	0.29	1.04	1.44	-1.27	8.02	0.10	0.22	1.02	24.76
0.12	0.29	1.04	1.50	-2.06	8.08	0.10	0.22	1.02	24.72
0.12	0.29	1.04	1.69	-2.43	8.38	0.10	0.22	1.02	24.74
0.12	0.29	1.04	1.87	-1.76	8.87	0.10	0.22	1.02	24.75
0.12	0.29	1.04	1.32	-4.01	8.81	0.10	0.22	1.02	24.74
0.13	0.29	1.04	1.81	-4.93	9.18	0.10	0.22	1.02	24.75
0.13	0.29	1.04	1.69	-5.84	8.99	0.10	0.22	1.02	24.75
0.13	0.29	1.04	0.71	-4.69	8.26	0.10	0.22	1.02	24.72
0.13	0.29	1.03	1.20	-2.06	8.26	0.10	0.22	1.02	24.72
0.13	0.29	1.04	1.14	-2.61	8.02	0.10	0.22	1.02	24.73
0.14	0.29	1.04	0.89	-4.81	7.95	0.10	0.23	1.02	24.75
0.14	0.29	1.04	1.44	-2.85	8.50	0.10	0.23	1.02	24.72
0.15	0.30	1.03	0.83	-1.88	7.95	0.10	0.23	1.02	24.75
0.15	0.29	1.03	0.59	-3.95	7.53	0.10	0.23	1.02	24.75
0.23	0.25	1.09	-0.08	-8.65	8.69	0.10	0.23	1.02	24.71
0.15	0.27	1.04	0.83	-2.67	8.26	0.10	0.23	1.02	24.73
0.14	0.27	1.04	0.77	-1.21	8.26	0.10	0.23	1.03	24.71
0.15	0.28	1.04	0.95	-2.06	8.44	0.10	0.23	1.03	24.72
0.15	0.29	1.04	1.08	-1.63	8.32	0.11	0.23	1.03	24.72
0.16	0.29	1.04	1.08	-1.69	8.44	0.11	0.23	1.03	24.76
0.15	0.29	1.04	1.20	-1.51	8.14	0.11	0.23	1.03	24.71
0.15	0.29	1.04	1.26	-1.39	8.32	0.11	0.23	1.03	24.72
0.15	0.29	1.04	1.32	-1.76	8.38	0.11	0.23	1.03	24.74
0.15	0.29	1.04	1.14	-1.45	8.38	0.11	0.23	1.03	24.73
0.15	0.28	1.03	1.14	-1.39	8.56	0.11	0.23	1.03	24.72
0.14	0.29	1.04	1.32	-1.57	8.44	0.11	0.23	1.03	24.71
0.16	0.29	1.03	1.26	-1.51	8.32	0.11	0.23	1.03	24.75
0.15	0.29	1.03	1.32	-1.39	8.08	0.11	0.23	1.03	24.72
0.15	0.29	1.04	1.26	-1.45	8.08	0.11	0.24	1.03	24.75
0.16	0.29	1.03	1.26	-1.45	8.20	0.11	0.24	1.03	24.73
0.15	0.29	1.04	1.32	-1.51	8.20	0.11	0.24	1.03	24.72
0.15	0.29	1.03	1.20	-1.57	8.26	0.11	0.24	1.03	24.72
0.15	0.28	1.04	1.20	-1.39	8.20	0.11	0.24	1.03	24.73
0.15	0.28	1.04	1.32	-1.51	8.20	0.11	0.24	1.03	24.76
0.15	0.29	1.04	1.20	-1.51	8.26	0.11	0.24	1.03	24.72
0.15	0.29	1.04	1.32	-1.39	8.14	0.11	0.24	1.03	24.72
0.16	0.29	1.03	1.26	-1.45	8.20	0.11	0.24	1.03	24.77
0.15	0.29	1.03	1.26	-1.45	8.20	0.11	0.24	1.03	24.74
0.15	0.29	1.04	1.26	-1.45	8.26	0.11	0.24	1.03	24.74
0.15	0.29	1.04	1.20	-1.51	8.20	0.11	0.24	1.03	24.72
0.15	0.29	1.03	1.32	-1.51	8.20	0.11	0.24	1.03	24.73
0.15	0.29	1.04	1.26	-1.45	8.20	0.11	0.24	1.03	24.74
0.16	0.28	1.04	1.32	-1.39	8.14	0.12	0.24	1.03	24.72
0.15	0.29	1.03	1.14	-1.39	8.20	0.12	0.24	1.03	24.70
0.16	0.29	1.03	1.20	-1.45	8.20	0.12	0.24	1.03	24.73
0.15	0.28	1.04	1.26	-1.39	8.14	0.12	0.24	1.03	24.73
0.15	0.29	1.04	1.26	-1.39	8.14	0.12	0.24	1.03	24.75
0.16	0.29	1.04	1.32	-1.33	8.26	0.12	0.24	1.03	24.72
0.16	0.29	1.03	1.26	-1.33	8.20	0.12	0.24	1.03	24.71
0.16	0.29	1.03	1.32	-1.45	8.20	0.12	0.24	1.03	24.71
0.15	0.29	1.04	1.26	-1.33	8.14	0.12	0.25	1.03	24.73
0.16	0.29	1.03	1.26	-1.45	8.20	0.12	0.25	1.03	24.73
0.15	0.29	1.04	1.26	-1.45	8.26	0.12	0.25	1.03	24.73
0.15	0.29	1.03	1.26	-1.39	8.20	0.12	0.25	1.03	24.73
0.16	0.29	1.03	1.26	-1.39	8.20	0.12	0.25	1.03	24.71
0.15	0.29	1.04	1.20	-1.39	8.26	0.12	0.25	1.03	24.71
0.15	0.29	1.03	1.20	-1.39	8.20	0.12	0.25	1.03	24.71
0.16	0.29	1.03	1.20	-1.39	8.20	0.12	0.25	1.03	24.71
0.15	0.29	1.04	1.20	-1.45	8.20	0.12	0.25	1.03	24.73
0.16	0.29	1.04	1.26	-1.39	8.14	0.12	0.25	1.03	24.72
0.14	0.29	1.00	1.26	-1.39	8.08	0.12	0.25	1.03	24.73
0.17	0.29	1.05	1.26	-1.51	8.26	0.12	0.25	1.03	24.72
0.15	0.29	1.03	1.38	-1.45	8.14	0.12	0.25	1.03	24.74
0.16	0.29	1.04	1.26	-1.39	8.20	0.12	0.25	1.03	24.74
0.15	0.28	1.04	1.32	-1.27	8.08	0.12	0.25	1.03	24.72
0.16	0.29	1.03	1.26	-1.39	8.20	0.12	0.25	1.03	24.73
0.16	0.28	1.04	1.20	-1.33	8.26	0.12	0.25	1.03	24.74
0.16	0.29	1.03	1.14	-1.33	8.14	0.12	0.25	1.03	24.71
0.16	0.29	1.04	1.26	-1.45	8.26	0.12	0.25	1.03	24.76
0.16	0.28	1.04	1.20	-1.39	8.26	0.12	0.25	1.03	24.74
0.16	0.29	1.04	1.26	-1.39	8.26	0.13	0.25	1.03	24.73
0.16	0.29	1.04	1.20	-1.39	8.14	0.13	0.25	1.03	24.71
0.16	0.29	1.04	1.32	-1.33	8.20	0.13	0.25	1.03	24.71
0.15	0.29	1.04	1.26	-1.39	8.20	0.13	0.25	1.03	24.72
0.16	0.29	1.04	1.20	-1.39	8.26	0.13	0.25	1.03	24.73
0.16	0.29	1.04	1.26	-1.45	8.32	0.13	0.25	1.03	24.71
0.16	0.29	1.04	1.26	-1.45	8.20	0.13	0.25	1.03	24.73
0.16	0.29	1.04	1.26	-1.39	8.26	0.13	0.26	1.03	24.72
0.16	0.29	1.04	1.26	-1.33	8.20	0.13	0.26	1.03	24.73
0.16	0.29	1.04	1.26	-1.45	8.08	0.13	0.26	1.03	24.72
0.16	0.29	1.03	1.26	-1.33	8.20	0.13	0.26	1.03	24.72
0.16	0.29	1.04	1.38	-1.33	8.14	0.13	0.26	1.03	24.72
0.15	0.29	1.03	1.26	-1.39	8.20	0.13	0.26	1.03	24.71
0.16	0.29	1.04	1.32	-1.33	8.20	0.13	0.26	1.03	24.72
0.16	0.29	1.03	1.32	-1.33	8.08	0.13	0.26	1.03	24.74
0.16	0.29	1.04	1.26	-1.51	8.14	0.13	0.26	1.03	24.73
0.16	0.29	1.03	1.26	-1.33	8.20	0.13	0.26	1.03	24.70
0.16	0.29	1.03	1.26	-1.33	8.14	0.13	0.26	1.03	24.73
0.16	0.29	1.04	1.26	-1.39	8.20	0.13	0.26	1.03	24.71
0.16	0.29	1.04	1.26	-1.39	8.20	0.13	0.26	1.03	24.73
0.16	0.29	1.04	1.20	-1.39	8.14	0.13	0.26	1.03	24.71
0.16	0.28	1.04	1.26	-1.33	8.20	0.13	0.26	1.03	24.73
0.16	0.29	1.04	1.26	-1.33	8.20	0.13	0.26	1.03	24.73
0.16	0.29	1.04	1.20	-1.39	8.20	0.13	0.26	1.03	24.73
0.16	0.29	1.03	1.26	-1.39	8.20	0.13	0.26	1.03	24.75
0.16	0.29	1.04	1.20	-1.45	8.20	0.13	0.26	1.03	24.73
0.16	0.29	1.03	1.26	-1.33	8.20	0.13	0.26	1.03	24.70
0.16	0.29	1.04	1.32	-1.39	8.14	0.13	0.26	1.03	24.71
0.16	0.29	1.04	1.20	-1.33	8.20	0.13	0.26	1.03	24.72
0.16	0.29	1.04	1.20	-1.33	8.20	0.13	0.26	1.03	24.73
0.16	0.29	1.04	1.32	-1.57	8.26	0.13	0.26	1.03	24.73
0.16	0.29	1.04	1.32	-0.84	8.14	0.13	0.26	1.03	24.72
0.16	0.29	1.04	1.32	-1.51	8.20	0.13	0.26	1.03	24.73
0.16	0.29	1.03	1.32	-1.63	8.26	0.13	0.26	1.03	24.71
0.16	0.29	1.04	1.14	-1.27	8.14	0.14	0.26	1.03	24.72
0.16	0.29	1.04	1.26	-1.27	8.20	0.14	0.26	1.03	24.74
0.16	0.29	1.04	1.26	-1.39	8.26	0.14	0.26	1.03	24.73
0.16	0.28	1.04	1.50	-2.12	8.50	0.14	0.26	1.03	24.72
0.16	0.29	1.03	1.38	-1.88	8.32	0.14	0.26	1.03	24.72
0.17	0.29	1.03	1.38	-1.08	8.20	0.14	0.26	1.03	24.70
0.16	0.29	1.04	1.38	-1.02	8.26	0.14	0.26	1.03	24.73
0.16	0.28	1.04	1.14	-0.66	8.20	0.14	0.26	1.03	24.71
0.18	0.31	1.03	1.56	-0.29	6.98	0.14	0.26	1.03	24.72
0.16	0.30	1.04	0.83	1.60	8.26	0.14	0.27	1.03	24.72
0.16	0.30	1.03	0.95	2.64	7.77	0.14	0.27	1.03	24.70
0.17	0.30	1.03	1.26	1.30	7.83	0.14	0.27	1.03	24.72
0.14	0.30	1.03	1.20	2.33	6.61	0.14	0.27	1.03	24.73
0.15	0.29	1.04	1.20	2.58	7.89	0.14	0.27	1.03	24.73
0.14	0.28	1.04	1.20	1.60	8.08	0.14	0.27	1.03	24.74
0.14	0.28	1.03	0.22	2.76	8.81	0.14	0.27	1.03	24.73
0.14	0.28	1.04	3.33	-6.33	8.81	0.14	0.27	1.03	24.72
0.14	0.28	1.04	2.79	-3.65	9.11	0.14	0.27	1.03	24.73
0.14	0.28	1.04	1.69	0.26	8.87	0.14	0.27	1.03	24.71
0.14	0.28	1.04	1.56	-2.49	8.32	0.14	0.27	1.03	24.74
0.14	0.28	1.04	1.26	10.82	13.14	0.14	0.27	1.03	24.69
0.12	0.30	1.04	0.89	6.61	13.08	0.14	0.27	1.03	24.75
0.13	0.28	1.04	0.65	1.66	8.63	0.14	0.27	1.03	24.75
0.13	0.29	1.04	2.11	-4.01	7.89	0.14	0.27	1.03	24.72
0.13	0.28	1.04	0.89	-0.35	7.83	0.14	0.27	1.03	24.73
0.13	0.28	1.04	0.53	-2.55	7.16	0.14	0.27	1.03	24.73
0.13	0.29	1.04	1.32	-1.21	7.95	0.14	0.27	1.03	24.72
0.14	0.28	1.04	1.75	-2.18	7.95	0.14	0.27	1.03	24.72
0.13	0.28	1.04	1.32	-0.47	8.08	0.14	0.27	1.03	24.73
0.12	0.28	1.04	0.83	1.91	7.95	0.14	0.27	1.03	24.72
0.13	0.28	1.04	1.63	-5.48	7.16	0.14	0.27	1.03	24.73
0.13	0.28	1.04	1.44	-0.47	7.95	0.14	0.27	1.03	24.71
0.13	0.28	1.04	1.20	-0.60	7.83	0.14	0.27	1.03	24.72
0.13	0.28	1.04	0.95	-0.17	7.71	0.14	0.27	1.03	24.73
0.13	0.28	1.04	-0.02	0.69	7.65	0.14	0.27	1.03	24.70
0.08	0.25	1.04	1.93	-1.94	8.26	0.14	0.27	1.03	24.64
0.11	0.30	1.03	3.58	-3.77	9.66	0.14	0.27	1.03	24.64
0.09	0.27	1.03	7.24	0.93	9.66	0.14	0.27	1.03	24.64
0.09	0.27	1.04	1.50	-0.90	7.71	0.14	0.27	1.03	24.63
0.09	0.27	1.04	-0.69	0.08	7.65	0.13	0.27	1.03	24.64
0.09	0.28	1.04	0.53	-0.47	7.47	0.13	0.27	1.03	24.64
0.09	0.27	1.04	-0.08	-0.53	7.41	0.13	0.27	1.03	24.63
0.10	0.28	1.04	2.11	-2.55	8.38	0.13	0.27	1.03	24.62
0.13	0.32	1.04	2.97	-10.61	9.36	0.13	0.27	1.03	24.63
0.13	0.29	1.04	1.87	-3.65	8.93	0.13	0.27	1.03	24.66
0.10	0.28	1.04	2.30	-2.79	11.19	0.13	0.27	1.03	24.64
0.09	0.28	1.03	1.32	-1.82	16.80	0.13	0.27	1.03	24.64
0.21	0.36	1.03	0.22	-0.47	15.16	0.13	0.27	1.03	24.61
0.14	0.30	1.04	2.97	-3.10	8.56	0.13	0.27	1.03	24.66
0.10	0.28	1.04	1.32	-1.51	7.65	0.13	0.27	1.03	24.66
0.11	0.28	1.04	0.89	-1.08	7.77	0.13	0.27	1.03	24.65
0.10	0.27	1.04	1.02	-1.08	7.77	0.13	0.27	1.03	24.66
0.11	0.28	1.04	0.77	-1.15	7.77	0.13	0.27	1.03	24.64
0.11	0.28	1.04	1.32	-1.45	8.02	0.13	0.27	1.03	24.64
0.11	0.27	1.03	1.02	-1.08	7.77	0.13	0.27	1.03	24.66
0.10	0.28	1.03	1.50	-1.45	7.89	0.13	0.27	1.03	24.66
0.11	0.28	1.04	1.32	-1.39	7.89	0.13	0.27	1.03	24.65
0.10	0.27	1.03	1.32	-1.39	7.77	0.13	0.27	1.03	24.65
0.10	0.28	1.04	1.56	-1.57	8.02	0.13	0.27	1.03	24.65
0.11	0.28	1.04	1.75	-1.39	7.83	0.13	0.27	1.03	24.63
0.11	0.27	1.04	1.63	-1.27	7.77	0.13	0.27	1.03	24.67
0.13	0.30	1.02	0.95	-0.47	6.37	0.13	0.27	1.03	24.66
0.09	0.26	1.04	2.36	-2.18	6.67	0.13	0.27	1.03	24.64
0.09	0.25	1.03	2.91	-2.30	6.79	0.13	0.27	1.03	24.66
0.13	0.31	1.04	1.87	-2.37	8.44	0.13	0.27	1.03	24.65
0.09	0.27	1.04	1.08	-1.33	8.14	0.13	0.27	1.03	24.67
0.11	0.28	1.04	1.32	-1.51	7.95	0.13	0.27	1.03	24.64
0.11	0.28	1.04	1.44	-1.33	8.08	0.13	0.27	1.03	24.66
0.12	0.30	1.03	2.24	-1.88	8.44	0.13	0.27	1.03	24.66
0.13	0.28	1.04	0.65	-1.21	7.77	0.13	0.27	1.03	24.64
0.11	0.28	1.04	1.99	-1.82	7.89	0.13	0.27	1.03	24.66
0.11	0.27	1.04	1.08	-1.21	7.89	0.13	0.27	1.03	24.65
0.11	0.28	1.04	1.56	-1.51	7.95	0.13	0.27	1.03	24.67
0.11	0.29	1.04	1.56	-1.51	7.95	0.13	0.27	1.03	24.65
0.11	0.28	1.04	1.20	-1.33	7.77	0.13	0.27	1.03	24.67
0.11	0.28	1.04	1.14	-1.27	7.77	0.13	0.27	1.03	24.67
0.11	0.28	1.04	1.44	-1.45	7.95	0.13	0.27	1.03	24.65
0.11	0.28	1.03	1.44	-1.51	7.95	0.13	0.27	1.03	24.67
0.11	0.28	1.04	1.50	-1.45	7.89	0.13	0.27	1.03	24.67
0.11	0.28	1.04	1.50	-1.39	7.89	0.13	0.27	1.03	24.66
0.11	0.28	1.04	1.50	-1.39	7.95	0.13	0.27	1.03	24.65
0.11	0.28	1.04	1.44	-1.33	8.08	0.13	0.27	1.03	24.66
0.11	0.28	1.04	1.26	-1.21	7.89	0.13	0.27	1.03	24.66
0.11	0.28	1.04	1.38	-1.27	7.83	0.13	0.27	1.03	24.65
0.11	0.28	1.04	1.14	-1.02	7.95	0.13	0.27	1.03	24.67
0.11	0.28	1.04	1.26	-1.21	7.83	0.13	0.27	1.03	24.67
0.11	0.28	1.04	1.20	-1.39	7.83	0.13	0.27	1.03	24.65
0.11	0.28	1.04	1.38	-1.33	7.89	0.13	0.27	1.03	24.66
0.11	0.28	1.04	1.26	-1.39	7.77	0.13	0.27	1.03	24.65
0.11	0.28	1.04	1.50	-1.51	7.95	0.13	0.27	1.03	24.67
0.11	0.28	1.04	1.50	-1.45	7.95	0.13	0.27	1.03	24.66
0.11	0.28	1.04	1.44	-1.51	8.02	0.13	0.27	1.03	24.68
0.11	0.28	1.03	1.50	-1.51	8.02	0.12	0.27	1.03	24.68
0.11	0.28	1.04	1.50	-1.51	7.95	0.12	0.27	1.03	24.66
0.11	0.28	1.03	1.38	-1.63	7.89	0.12	0.27	1.03	24.68
0.11	0.28	1.04	1.50	-1.45	8.02	0.12	0.27	1.03	24.67
0.11	0.28	1.04	1.32	-1.39	7.95	0.12	0.27	1.03	24.66
0.11	0.28	1.04	1.38	-1.51	7.95	0.12	0.27	1.03	24.68
0.11	0.28	1.04	1.38	-1.45	7.95	0.12	0.27	1.03	24.68
0.11	0.28	1.04	1.44	-1.39	8.02	0.12	0.28	1.03	24.65
0.11	0.28	1.04	1.44	-1.39	7.89	0.12	0.28	1.03	24.69
0.11	0.28	1.04	1.44	-1.45	7.95	0.12	0.28	1.03	24.67
0.11	0.28	1.04	1.38	-1.33	7.89	0.12	0.28	1.03	24.68
0.11	0.28	1.04	1.50	-1.51	7.89	0.12	0.28	1.03	24.66
0.11	0.28	1.04	1.20	-1.39	8.02	0.12	0.28	1.03	24.67
0.11	0.28	1.04	1.32	-1.27	7.95	0.12	0.28	1.03	24.67
0.11	0.28	1.04	1.44	-1.33	7.95	0.12	0.28	1.03	24.68
0.11	0.28	1.04	1.32	-1.39	7.95	0.12	0.28	1.03	24.67
0.11	0.28	1.04	1.32	-1.33	7.95	0.12	0.28	1.03	24.66
0.11	0.28	1.04	1.32	-1.33	7.95	0.12	0.28	1.03	24.68
0.11	0.28	1.03	1.32	-1.39	8.02	0.12	0.28	1.03	24.67
0.11	0.28	1.04	1.38	-1.33	7.89	0.12	0.28	1.03	24.67
0.11	0.28	1.04	1.38	-1.33	8.02	0.12	0.28	1.03	24.68
0.11	0.28	1.04	1.26	-1.33	7.95	0.12	0.28	1.03	24.68
0.11	0.28	1.04	1.44	-1.39	8.08	0.12	0.28	1.03	24.69
0.11	0.28	1.04	1.32	-1.27	7.83	0.12	0.28	1.03	24.67
0.11	0.28	1.04	1.20	-1.21	7.89	0.12	0.28	1.03	24.70
0.11	0.28	1.04	1.32	-1.33	8.02	0.12	0.28	1.04	24.64
0.11	0.28	1.04	1.20	-0.78	8.26	0.12	0.28	1.04	24.70
0.12	0.27	1.04	1.32	-0.72	8.26	0.12	0.28	1.04	24.68
0.11	0.28	1.03	1.44	-0.96	7.71	0.12	0.28	1.04	24.69
0.11	0.28	1.04	1.50	-1.39	8.08	0.12	0.28	1.04	24.68
0.11	0.28	1.04	1.38	-1.27	8.02	0.12	0.28	1.04	24.68
0.11	0.28	1.04	1.26	-1.21	7.83	0.12	0.28	1.04	24.69
0.11	0.28	1.04	1.32	-1.39	7.95	0.12	0.28	1.04	24.71
0.11	0.28	1.04	1.32	-1.21	7.89	0.12	0.28	1.04	24.69
0.11	0.28	1.04	1.50	-1.39	7.95	0.12	0.28	1.04	24.68
0.11	0.28	1.04	1.38	-1.39	8.08	0.12	0.28	1.04	24.68
0.11	0.28	1.04	1.38	-1.45	7.95	0.12	0.28	1.04	24.71
0.11	0.28	1.04	1.44	-1.39	8.02	0.12	0.28	1.04	24.72
0.11	0.28	1.04	1.32	-1.27	8.02	0.12	0.28	1.04	24.68
0.11	0.28	1.04	1.26	-1.27	8.02	0.12	0.28	1.04	24.68
0.11	0.28	1.03	1.32	-1.27	7.95	0.12	0.28	1.04	24.71
0.11	0.28	1.04	1.26	-1.33	8.02	0.12	0.28	1.04	24.69
0.11	0.28	1.04	1.38	-1.21	7.89	0.12	0.28	1.04	24.70
0.11	0.28	1.04	1.38	-1.27	7.95	0.12	0.28	1.04	24.72
0.11	0.28	1.04	1.38	-1.33	7.83	0.12	0.28	1.04	24.68
0.11	0.28	1.04	1.38	-1.33	8.02	0.12	0.28	1.04	24.70
0.11	0.28	1.03	1.50	-1.33	8.02	0.12	0.28	1.04	24.70
0.11	0.28	1.04	1.26	-1.33	8.08	0.12	0.28	1.04	24.71
0.11	0.28	1.04	1.38	-1.39	7.95	0.12	0.28	1.04	24.70
0.11	0.28	1.03	1.26	-1.21	7.95	0.12	0.28	1.04	24.70
0.11	0.28	1.04	1.32	-1.33	8.02	0.12	0.28	1.04	24.69
0.11	0.28	1.04	1.32	-1.33	7.95	0.12	0.28	1.04	24.71
0.11	0.28	1.04	1.20	-1.33	7.95	0.12	0.28	1.04	24.71
0.11	0.28	1.04	1.32	-1.33	7.95	0.12	0.28	1.04	24.72
0.11	0.28	1.04	1.38	-1.33	7.95	0.12	0.28	1.04	24.70
0.11	0.28	1.04	1.32	-1.33	8.02	0.12	0.28	1.04	24.71
0.11	0.28	1.04	1.38	-1.27	7.95	0.12	0.28	1.04	24.71
0.11	0.28	1.04	1.38	-1.15	7.95	0.12	0.28	1.04	24.68
0.11	0.28	1.04	1.38	-1.33	8.02	0.12	0.28	1.04	24.72
0.11	0.29	1.03	1.50	-1.27	7.83	0.12	0.28	1.04	24.72
0.11	0.28	1.04	1.32	-1.33	7.95	0.12	0.28	1.04	24.73
0.11	0.28	1.04	1.38	-1.21	8.02	0.12	0.28	1.04	24.70
0.11	0.28	1.04	1.50	-1.88	8.14	0.12	0.28	1.04	24.69
0.11	0.28	1.04	1.26	-1.27	8.02	0.12	0.28	1.04	24.71
0.11	0.28	1.04	1.32	-1.33	7.89	0.12	0.28	1.04	24.72
0.11	0.28	1.04	1.32	-1.33	8.02	0.12	0.28	1.04	24.71
0.11	0.28	1.04	1.32	-1.27	8.02	0.12	0.28	1.04	24.71
0.11	0.28	1.04	1.38	-1.45	7.89	0.12	0.28	1.04	24.69
0.11	0.28	1.03	1.38	-1.27	8.02	0.12	0.28	1.04	24.70
0.11	0.28	1.03	1.32	-1.27	8.02	0.12	0.28	1.04	24.70
0.11	0.28	1.04	1.38	-1.15	7.77	0.12	0.28	1.04	24.72
0.11	0.28	1.04	1.32	-1.27	8.02	0.12	0.28	1.04	24.72
0.11	0.28	1.04	1.32	-1.15	7.77	0.12	0.28	1.04	24.72
0.11	0.28	1.04	1.26	-0.53	8.02	0.12	0.28	1.04	24.73
0.12	0.28	1.04	1.32	-1.02	7.89	0.12	0.28	1.04	24.67
0.11	0.28	1.04	1.44	-1.15	7.77	0.12	0.28	1.04	24.72
0.10	0.27	1.04	1.69	-1.27	8.56	0.12	0.28	1.04	24.71
0.11	0.28	1.04	1.63	-1.15	8.08	0.12	0.28	1.04	24.73
0.11	0.28	1.04	1.56	-1.08	8.14	0.12	0.28	1.04	24.71
0.10	0.27	1.04	1.38	-0.90	8.63	0.12	0.28	1.04	24.71
0.10	0.28	1.04	1.50	-1.21	8.26	0.12	0.28	1.04	24.70
0.10	0.28	1.04	1.02	-0.23	7.71	0.12	0.28	1.04	24.73
0.12	0.28	1.04	1.32	0.38	8.08	0.12	0.28	1.04	24.70
0.10	0.29	1.04	1.44	-1.08	8.14	0.12	0.28	1.04	24.71
0.11	0.28	1.04	1.32	-0.84	8.02	0.12	0.28	1.04	24.70
0.11	0.28	1.04	1.56	-1.33	8.02	0.12	0.28	1.04	24.71
0.11	0.28	1.04	1.32	-1.39	7.89	0.12	0.28	1.04	24.73
0.11	0.28	1.03	1.26	-1.27	8.14	0.12	0.28	1.04	24.71
0.11	0.28	1.04	1.20	-1.39	7.89	0.12	0.28	1.04	24.72
0.11	0.27	1.04	1.26	-1.27	7.95	0.12	0.28	1.04	24.71
0.10	0.27	1.04	0.83	-0.96	7.83	0.12	0.28	1.04	24.71
0.11	0.28	1.04	1.08	-1.33	7.95	0.12	0.28	1.04	24.72
0.09	0.25	1.04	1.69	-0.90	7.41	0.12	0.28	1.04	24.72
0.10	0.28	1.04	0.65	-0.78	8.08	0.12	0.28	1.04	24.71
0.11	0.28	1.04	1.32	-1.21	7.95	0.12	0.28	1.04	24.72
0.09	0.24	1.04	0.89	-0.90	7.95	0.12	0.28	1.04	24.73
0.10	0.27	1.04	0.83	-0.84	7.89	0.12	0.28	1.04	24.71
0.11	0.28	1.04	1.14	-1.33	7.95	0.12	0.28	1.04	24.73
0.11	0.28	1.04	1.38	-1.21	8.02	0.12	0.28	1.04	24.71
0.11	0.28	1.04	1.50	-1.45	8.08	0.12	0.28	1.04	24.73
0.11	0.28	1.04	1.32	-1.21	8.02	0.12	0.28	1.04	24.71
0.11	0.28	1.04	1.44	-1.21	8.32	0.12	0.28	1.04	24.72
0.11	0.26	1.04	1.87	-1.94	8.32	0.11	0.28	1.04	24.70
0.11	0.29	1.04	1.44	-1.27	8.14	0.11	0.28	1.04	24.71
0.10	0.28	1.04	1.50	-1.27	8.26	0.11	0.28	1.04	24.72
0.10	0.28	1.04	1.20	-1.21	8.14	0.11	0.28	1.04	24.73
0.11	0.29	1.04	1.50	-1.27	8.02	0.11	0.28	1.04	24.70
0.10	0.28	1.04	1.38	-1.33	8.08	0.11	0.28	1.04	24.71
0.11	0.28	1.04	1.56	-1.39	8.26	0.11	0.28	1.04	24.70
0.10	0.27	1.04	0.77	-0.90	7.41	0.11	0.28	1.04	24.72
0.11	0.28	1.04	0.34	-0.66	7.28	0.11	0.28	1.04	24.73
0.11	0.29	1.04	1.75	-1.57	8.20	0.11	0.28	1.04	24.73
0.10	0.28	1.04	1.32	-1.21	8.38	0.11	0.28	1.04	24.73
0.09	0.27	1.04	1.38	-1.08	8.08	0.11	0.28	1.04	24.71
0.11	0.28	1.04	1.75	-1.57	7.71	0.11	0.28	1.04	24.74
0.11	0.28	1.04	1.38	-1.39	7.77	0.11	0.28	1.04	24.74
0.11	0.28	1.04	1.02	-1.27	7.47	0.11	0.28	1.04	24.73
0.11	0.28	1.04	1.75	-1.57	7.83	0.11	0.28	1.04	24.72
0.10	0.28	1.04	1.38	-1.27	8.02	0.11	0.28	1.04	24.71
0.11	0.28	1.05	0.95	-1.15	7.95	0.11	0.28	1.04	24.71
0.11	0.28	1.04	1.50	-1.33	7.89	0.11	0.28	1.04	24.71
0.11	0.28	1.04	1.32	-1.33	8.02	0.11	0.28	1.04	24.71
0.11	0.28	1.04	1.44	-1.39	8.02	0.11	0.28	1.04	24.72
0.11	0.28	1.04	1.63	-1.33	8.02	0.11	0.28	1.04	24.74
0.11	0.28	1.04	1.20	-1.15	8.02	0.11	0.28	1.04	24.72
0.11	0.28	1.04	1.63	-1.45	8.14	0.11	0.28	1.04	24.73
0.11	0.28	1.04	1.69	-1.33	7.95	0.11	0.28	1.04	24.70
0.11	0.28	1.04	1.69	-1.51	8.02	0.11	0.28	1.04	24.74
0.09	0.30	1.04	0.95	-0.96	7.71	0.11	0.28	1.04	24.73
0.12	0.28	1.04	1.08	-1.15	8.02	0.11	0.28	1.04	24.71
0.11	0.28	1.04	1.50	-1.33	7.95	0.11	0.28	1.04	24.75
0.11	0.28	1.04	1.56	-1.39	8.08	0.11	0.28	1.04	24.72
0.11	0.28	1.04	1.32	-1.39	8.32	0.11	0.28	1.04	24.72
0.11	0.28	1.04	1.26	-1.15	7.89	0.11	0.28	1.04	24.74
0.11	0.28	1.04	1.20	-1.15	7.89	0.11	0.28	1.04	24.73
0.10	0.28	1.04	1.20	-1.15	7.89	0.11	0.28	1.04	24.71
0.11	0.28	1.04	1.20	-1.15	7.95	0.11	0.28	1.04	24.74
0.11	0.28	1.04	1.26	-1.33	7.77	0.11	0.28	1.04	24.73
0.10	0.28	1.04	1.32	-1.33	7.83	0.11	0.28	1.04	24.73
0.11	0.28	1.04	1.56	-1.51	7.95	0.11	0.28	1.04	24.73
0.11	0.28	1.04	1.38	-1.39	7.95	0.11	0.28	1.04	24.73
0.11	0.28	1.04	1.20	-1.21	7.89	0.11	0.28	1.04	24.71
0.10	0.28	1.04	1.38	-1.39	7.95	0.11	0.28	1.04	24.72
0.11	0.29	1.03	1.44	-1.27	8.08	0.11	0.28	1.04	24.73
0.11	0.28	1.04	1.44	-1.33	7.89	0.11	0.28	1.04	24.74
0.10	0.28	1.04	1.32	-1.27	7.83	0.11	0.28	1.04	24.73
0.11	0.28	1.04	1.20	-1.33	7.89	0.11	0.28	1.04	24.72
0.10	0.28	1.04	1.26	-1.39	7.95	0.11	0.28	1.04	24.74
0.11	0.28	1.04	1.26	-1.39	8.02	0.11	0.28	1.04	24.74
0.11	0.28	1.04	1.26	-1.27	8.02	0.11	0.28	1.04	24.71
0.11	0.28	1.04	1.44	-1.21	8.14	0.11	0.28	1.04	24.75
0.11	0.28	1.03	1.44	-1.15	8.02	0.11	0.28	1.04	24.71
0.11	0.28	1.04	1.56	-1.33	8.02	0.11	0.28	1.04	24.75
0.11	0.28	1.04	1.38	-1.33	7.89	0.11	0.28	1.04	24.73
0.11	0.28	1.04	1.32	-1.45	7.89	0.11	0.28	1.04	24.73
0.11	0.28	1.04	1.26	-1.39	7.77	0.11	0.28	1.04	24.71
0.11	0.28	1.04	1.38	-1.27	7.95	0.11	0.28	1.04	24.74
0.11	0.28	1.04	1.38	-1.39	8.02	0.11	0.28	1.04	24.71
0.11	0.28	1.04	1.44	-1.33	8.08	0.11	0.28	1.04	24.73
0.11	0.28	1.04	1.32	-1.45	8.02	0.11	0.28	1.04	24.71
0.11	0.28	1.04	1.38	-1.21	7.95	0.11	0.28	1.04	24.73
0.11	0.28	1.04	1.20	-1.45	8.02	0.11	0.28	1.04	24.71
0.11	0.28	1.04	1.50	-1.45	7.89	0.11	0.28	1.04	24.71
0.11	0.28	1.04	1.38	-1.33	7.95	0.11	0.28	1.04	24.73
0.11	0.28	1.04	1.50	-1.39	8.02	0.11	0.28	1.04	24.73
0.11	0.28	1.04	1.44	-1.27	8.02	0.11	0.28	1.04	24.71
0.11	0.28	1.04	1.38	-1.27	7.95	0.11	0.28	1.04	24.74
0.11	0.28	1.04	1.44	-1.45	7.95	0.11	0.28	1.04	24.74
0.11	0.28	1.04	1.20	-1.27	7.89	0.11	0.28	1.04	24.72
0.11	0.28	1.04	1.26	-1.33	7.95	0.11	0.28	1.04	24.75
0.11	0.28	1.04	1.38	-1.33	8.08	0.11	0.28	1.04	24.73
0.11	0.28	1.04	1.38	-1.21	7.95	0.11	0.28	1.04	24.73
0.11	0.28	1.04	1.50	-1.21	8.02	0.11	0.28	1.04	24.72
0.11	0.28	1.04	1.38	-1.08	8.02	0.11	0.28	1.04	24.72
0.11	0.28	1.04	1.26	-1.15	7.95	0.11	0.28	1.04	24.73
0.11	0.28	1.04	1.38	-1.27	8.02	0.11	0.28	1.04	24.73
0.11	0.28	1.04	1.26	-1.27	8.08	0.11	0.28	1.04	24.72
0.11	0.28	1.04	1.44	-1.21	8.02	0.11	0.28	1.04	24.73
0.11	0.28	1.04	1.38	-1.27	8.02	0.11	0.28	1.04	24.73
0.11	0.28	1.04	1.32	-1.33	7.95	0.11	0.28	1.04	24.76
0.11	0.27	1.07	1.02	-1.08	7.89	0.11	0.28	1.04	24.75
0.09	0.28	1.04	1.02	-0.90	7.59	0.11	0.28	1.04	24.70
0.12	0.30	1.06	2.11	-2.12	8.38	0.11	0.28	1.04	24.73
0.10	0.26	1.02	0.95	-0.53	7.71	0.11	0.28	1.04	24.74
0.10	0.28	1.05	1.63	-1.63	7.95	0.11	0.28	1.04	24.73
0.11	0.28	1.03	1.38	-1.15	8.08	0.11	0.28	1.04	24.72
0.11	0.28	1.04	1.38	-1.15	8.08	0.11	0.28	1.04	24.71
0.11	0.29	1.04	1.56	-1.21	8.02	0.11	0.28	1.04	24.73
0.11	0.28	1.04	1.26	-1.21	7.83	0.11	0.28	1.04	24.74
0.11	0.28	1.04	1.38	-1.39	8.02	0.11	0.28	1.04	24.74
0.11	0.28	1.04	1.38	-1.27	7.89	0.11	0.28	1.04	24.74
0.11	0.28	1.04	1.32	-1.27	7.95	0.11	0.28	1.04	24.71
0.11	0.28	1.04	1.38	-1.39	8.02	0.11	0.28	1.04	24.73
0.11	0.28	1.04	1.50	-1.27	7.95	0.11	0.28	1.04	24.74
0.10	0.28	1.04	1.44	-1.33	8.14	0.11	0.28	1.04	24.74
0.11	0.28	1.04	1.44	-1.33	7.95	0.11	0.28	1.04	24.72
0.11	0.28	1.04	1.32	-1.15	8.08	0.11	0.28	1.04	24.73
0.11	0.28	1.04	1.38	-1.27	8.02	0.11	0.28	1.04	24.75
0.11	0.28	1.04	1.38	-1.27	7.95	0.11	0.28	1.04	24.73
0.10	0.28	1.03	1.26	-1.27	7.77	0.11	0.28	1.04	24.76
0.11	0.28	1.04	1.26	-1.21	8.02	0.11	0.28	1.04	24.75
0.11	0.28	1.03	1.38	-1.33	7.89	0.11	0.28	1.04	24.72
0.11	0.28	1.04	1.20	-1.27	7.95	0.11	0.28	1.04	24.73
0.11	0.28	1.04	1.32	-1.21	7.89	0.11	0.28	1.04	24.72
0.11	0.28	1.04	1.20	-1.21	7.95	0.11	0.28	1.04	24.74
0.11	0.28	1.04	1.32	-1.39	7.95	0.11	0.28	1.04	24.73
0.11	0.28	1.04	1.38	-1.21	8.02	0.11	0.28	1.04	24.71
0.11	0.28	1.04	1.50	-1.33	8.02	0.11	0.28	1.04	24.72
0.10	0.28	1.04	1.38	-1.33	8.02	0.11	0.28	1.04	24.72
0.11	0.28	1.04	1.44	-1.21	7.89	0.11	0.28	1.04	24.73
0.11	0.28	1.04	1.38	-1.27	7.95	0.11	0.28	1.04	24.73
0.11	0.28	1.04	1.38	-1.39	8.02	0.11	0.28	1.04	24.71
0.11	0.28	1.04	1.38	-1.33	8.08	0.11	0.28	1.04	24.71
0.11	0.28	1.04	1.38	-1.27	7.95	0.11	0.28	1.04	24.72
0.11	0.28	1.04	1.32	-1.27	8.08	0.11	0.28	1.04	24.75
0.11	0.28	1.04	1.32	-1.27	8.02	0.11	0.28	1.04	24.73
0.11	0.28	1.04	1.44	-1.27	8.02	0.11	0.28	1.04	24.72
0.11	0.28	1.04	1.44	-1.39	8.08	0.11	0.28	1.04	24.73
0.11	0.28	1.04	1.44	-1.33	8.02	0.11	0.28	1.04	24.72
0.11	0.28	1.04	1.44	-1.27	8.02	0.11	0.28	1.04	24.75
0.11	0.28	1.04	1.44	-1.27	8.02	0.11	0.28	1.04	24.74
0.11	0.28	1.04	1.32	-1.27	7.95	0.11	0.28	1.04	24.73
0.11	0.28	1.04	1.32	-1.33	8.02	0.11	0.28	1.04	24.73
0.11	0.28	1.03	1.20	-1.33	7.95	0.11	0.28	1.04	24.73
0.11	0.28	1.03	1.38	-1.27	8.08	0.11	0.28	1.04	24.74
0.11	0.28	1.03	1.38	-1.21	7.95	0.11	0.28	1.04	24.71
0.11	0.28	1.04	1.38	-1.27	7.89	0.11	0.28	1.04	24.71
0.11	0.28	1.04	1.44	-1.33	7.95	0.11	0.28	1.04	24.71
0.11	0.28	1.04	1.38	-1.33	8.02	0.11	0.28	1.04	24.73
0.11	0.28	1.04	1.44	-1.27	8.02	0.11	0.28	1.04	24.75
0.11	0.28	1.03	1.38	-1.33	7.95	0.11	0.28	1.04	24.73
0.11	0.28	1.04	1.32	-1.33	8.02	0.11	0.28	1.04	24.73
0.11	0.28	1.04	1.32	-1.33	8.08	0.11	0.28	1.04	24.73
0.11	0.28	1.04	1.32	-1.33	8.02	0.11	0.28	1.04	24.73
0.11	0.28	1.04	1.32	-1.21	8.02	0.11	0.28	1.04	24.70
0.11	0.28	1.04	1.32	-1.33	8.02	0.11	0.28	1.04	24.73
0.11	0.28	1.04	1.32	-1.27	7.95	0.11	0.28	1.04	24.74
0.11	0.28	1.04	1.38	-1.33	8.02	0.11	0.28	1.04	24.73
0.11	0.28	1.04	1.44	-1.39	7.95	0.11	0.28	1.04	24.75
0.11	0.28	1.04	1.32	-1.27	7.95	0.11	0.28	1.04	24.73
0.11	0.28	1.03	1.38	-1.33	8.08	0.11	0.28	1.04	24.73
0.11	0.28	1.04	1.44	-1.21	7.95	0.11	0.28	1.04	24.73
0.11	0.28	1.03	1.32	-1.33	8.08	0.11	0.28	1.04	24.72
0.11	0.28	1.04	1.38	-1.27	7.89	0.11	0.28	1.04	24.73
0.11	0.28	1.04	1.38	-1.27	8.02	0.11	0.28	1.04	24.73
0.11	0.28	1.04	1.32	-1.21	8.02	0.11	0.28	1.04	24.74
0.11	0.28	1.04	1.38	-1.27	7.95	0.11	0.28	1.04	24.72
0.11	0.28	1.04	1.38	-1.21	8.02	0.11	0.28	1.04	24.74
0.11	0.28	1.04	1.38	-1.21	7.95	0.11	0.28	1.04	24.70
0.11	0.28	1.04	1.38	-1.15	8.02	0.11	0.28	1.04	24.71
0.11	0.28	1.04	1.38	-1.27	7.95	0.11	0.28	1.04	24.72
0.11	0.28	1.04	1.32	-1.27	7.95	0.11	0.28	1.04	24.73
0.11	0.28	1.04	1.20	-1.21	7.95	0.11	0.28	1.04	24.72
0.11	0.28	1.03	1.38	-1.33	8.08	0.11	0.28	1.04	24.70
0.11	0.28	1.04	1.38	-1.27	7.95	0.11	0.28	1.04	24.72
0.11	0.28	1.04	1.32	-1.21	8.02	0.11	0.28	1.04	24.72
0.11	0.28	1.04	1.38	-1.33	7.95	0.11	0.28	1.04	24.72
0.11	0.28	1.03	1.32	-1.33	7.95	0.11	0.28	1.04	24.72
0.11	0.28	1.04	1.44	-1.21	7.95	0.11	0.28	1.04	24.72
0.11	0.28	1.04	1.32	-1.21	7.95	0.11	0.28	1.04	24.71
0.11	0.28	1.04	1.26	-1.39	8.02	0.11	0.28	1.04	24.73
0.11	0.28	1.04	1.38	-1.21	7.95	0.11	0.28	1.04	24.71
0.11	0.28	1.04	1.38	-1.27	7.95	0.11	0.28	1.04	24.73
0.11	0.28	1.04	1.38	-1.39	7.95	0.11	0.28	1.04	24.71
0.11	0.28	1.04	1.32	-1.21	8.02	0.11	0.28	1.04	24.74
0.11	0.28	1.04	1.38	-1.33	8.02	0.11	0.28	1.04	24.72
0.11	0.28	1.04	1.38	-1.15	8.02	0.11	0.28	1.04	24.70
0.11	0.28	1.04	1.38	-1.33	8.02	0.11	0.28	1.04	24.72
0.11	0.28	1.04	1.32	-1.33	7.89	0.11	0.28	1.04	24.73
0.11	0.28	1.04	1.38	-1.21	7.89	0.11	0.28	1.04	24.71
0.11	0.28	1.04	1.38	-1.33	7.95	0.11	0.28	1.04	24.72
0.11	0.28	1.04	1.38	-1.27	8.08	0.11	0.28	1.04	24.73
0.11	0.28	1.04	1.32	-1.21	7.95	0.11	0.28	1.04	24.73
0.11	0.28	1.04	1.26	-1.45	7.95	0.11	0.28	1.04	24.74
0.11	0.28	1.04	1.32	-1.21	7.95	0.11	0.28	1.04	24.73
0.11	0.28	1.04	1.38	-1.21	7.95	0.11	0.28	1.04	24.72
0.11	0.28	1.04	1.32	-1.27	8.08	0.11	0.28	1.04	24.73
0.11	0.28	1.04	1.38	-1.33	7.89	0.11	0.28	1.04	24.75
0.11	0.28	1.04	1.38	-1.27	8.08	0.11	0.28	1.04	24.71
0.11	0.28	1.04	1.32	-1.27	8.02	0.11	0.28	1.04	24.74
0.11	0.28	1.03	1.32	-1.33	8.02	0.11	0.28	1.04	24.72
0.11	0.28	1.04	1.32	-1.27	7.95	0.11	0.28	1.04	24.74
0.11	0.28	1.04	1.38	-1.27	7.95	0.11	0.28	1.04	24.74
0.11	0.28	1.04	1.38	-1.27	7.95	0.11	0.28	1.04	24.73
0.11	0.28	1.04	1.38	-1.33	7.95	0.11	0.28	1.04	24.71
0.11	0.28	1.04	1.32	-1.15	8.02	0.11	0.28	1.04	24.72
0.11	0.28	1.04	1.38	-1.33	8.08	0.11	0.28	1.04	24.76
0.11	0.28	1.04	1.38	-1.21	7.95	0.11	0.28	1.04	24.73
0.11	0.28	1.04	1.38	-1.27	7.89	0.11	0.28	1.04	24.71
0.11	0.28	1.04	1.38	-1.21	7.95	0.11	0.28	1.04	24.73
0.11	0.28	1.04	1.38	-1.39	7.89	0.11	0.28	1.04	24.72
0.11	0.28	1.04	1.44	-1.27	7.89	0.11	0.28	1.04	24.73
0.11	0.28	1.04	1.32	-1.33	8.02	0.11	0.28	1.04	24.73
0.11	0.28	1.04	1.38	-1.39	8.08	0.11	0.28	1.04	24.73
0.11	0.28	1.04	1.32	-1.33	7.89	0.11	0.28	1.04	24.73
0.11	0.28	1.04	1.44	-1.27	8.02	0.11	0.28	1.04	24.73
0.11	0.28	1.03	1.38	-1.27	7.95	0.11	0.28	1.04	24.74
0.11	0.28	1.04	1.32	-1.21	8.02	0.11	0.28	1.04	24.74
0.11	0.28	1.04	1.50	-1.33	8.20	0.11	0.28	1.04	24.70
0.11	0.28	1.04	1.38	-1.21	7.83	0.11	0.28	1.04	24.72
0.11	0.28	1.04	1.38	-1.33	7.95	0.11	0.28	1.04	24.73
0.11	0.28	1.04	1.44	-1.27	8.02	0.11	0.28	1.04	24.74
0.10	0.28	1.04	1.26	-1.21	7.95	0.11	0.28	1.04	24.73
0.11	0.28	1.04	1.38	-1.33	7.95	0.11	0.28	1.04	24.71
0.11	0.28	1.04	1.38	-1.15	7.95	0.11	0.28	1.04	24.74
0.11	0.28	1.04	1.32	-1.39	8.08	0.11	0.28	1.04	24.69
0.11	0.28	1.04	1.32	-1.27	8.02	0.11	0.28	1.04	24.74
0.11	0.28	1.04	1.26	-1.33	8.02	0.11	0.28	1.04	24.72
0.11	0.28	1.04	1.38	-1.27	7.95	0.11	0.28	1.04	24.71
0.11	0.28	1.04	1.32	-1.21	7.95	0.11	0.28	1.04	24.73
0.11	0.28	1.04	1.38	-1.33	8.02	0.11	0.28	1.04	24.73
0.11	0.28	1.04	1.32	-1.27	8.02	0.11	0.28	1.04	24.73
0.11	0.28	1.04	1.26	-1.33	8.02	0.11	0.28	1.04	24.73
0.11	0.28	1.04	1.32	-1.33	8.02	0.11	0.28	1.04	24.70
0.11	0.28	1.04	1.38	-1.27	8.08	0.11	0.28	1.04	24.74
0.11	0.28	1.04	1.32	-1.27	7.95	0.11	0.28	1.04	24.71
0.11	0.28	1.04	1.32	-1.27	7.89	0.11	0.28	1.04	24.73
0.11	0.28	1.04	1.26	-1.33	7.95	0.11	0.28	1.04	24.73
0.11	0.28	1.04	1.32	-1.33	8.02	0.11	0.28	1.04	24.72
0.11	0.28	1.04	1.38	-1.27	7.89	0.11	0.28	1.04	24.73
0.11	0.28	1.04	1.32	-1.33	8.08	0.11	0.28	1.04	24.72
0.11	0.28	1.04	1.38	-1.27	7.95	0.11	0.28	1.04	24.73
0.11	0.28	1.04	1.26	-1.21	8.02	0.11	0.28	1.04	24.71
0.11	0.28	1.04	1.32	-1.21	8.02	0.11	0.28	1.04	24.71
0.11	0.28	1.04	1.32	-1.33	8.02	0.11	0.28	1.04	24.71
0.11	0.28	1.04	1.38	-1.33	7.95	0.11	0.28	1.04	24.70
0.11	0.28	1.04	1.38	-1.33	8.08	0.11	0.28	1.04	24.73
0.11	0.28	1.04	1.32	-1.27	8.02	0.11	0.28	1.04	24.71
0.11	0.28	1.04	1.38	-1.33	7.95	0.11	0.28	1.04	24.70
0.11	0.28	1.04	1.32	-1.27	8.02	0.11	0.28	1.04	24.72
0.11	0.28	1.04	1.32	-1.33	8.02	0.11	0.28	1.04	24.70
0.11	0.28	1.04	1.32	-1.33	8.08	0.11	0.28	1.04	24.73
0.11	0.28	1.04	1.32	-1.33	8.08	0.11	0.28	1.04	24.73
0.11	0.28	1.04	1.44	-1.27	8.08	0.11	0.28	1.04	24.73
0.11	0.28	1.03	1.38	-1.27	7.89	0.11	0.28	1.04	24.72
0.11	0.28	1.04	1.32	-1.27	8.02	0.11	0.28	1.04	24.70
0.11	0.28	1.04	1.38	-1.33	8.02	0.11	0.28	1.04	24.73
0.11	0.28	1.04	1.38	-1.33	7.89	0.11	0.28	1.04	24.73
0.11	0.28	1.04	1.26	-1.21	7.95	0.11	0.28	1.04	24.71
0.11	0.28	1.04	1.26	-1.21	8.02	0.11	0.28	1.04	24.73
0.11	0.28	1.04	1.32	-1.21	7.95	0.11	0.28	1.04	24.71
0.11	0.28	1.03	1.38	-1.27	7.95	0.11	0.28	1.04	24.73
0.11	0.28	1.03	1.32	-1.33	8.08	0.11	0.28	1.04	24.73
0.11	0.28	1.04	1.38	-1.21	8.02	0.11	0.28	1.04	24.72
0.11	0.28	1.04	1.32	-1.21	7.95	0.11	0.28	1.04	24.73
0.11	0.28	1.04	1.44	-1.21	7.89	0.11	0.28	1.04	24.71
0.11	0.28	1.03	1.32	-1.33	8.08	0.11	0.28	1.04	24.70
0.11	0.28	1.04	1.38	-1.39	7.95	0.11	0.28	1.04	24.70
0.11	0.28	1.04	1.32	-1.21	7.89	0.11	0.28	1.04	24.73
0.11	0.28	1.04	1.44	-1.33	7.89	0.11	0.28	1.04	24.71
0.11	0.28	1.04	1.38	-1.33	7.95	0.11	0.28	1.04	24.71
0.11	0.28	1.04	1.38	-1.39	8.02	0.11	0.28	1.04	24.68
0.11	0.28	1.04	1.50	-1.27	8.02	0.11	0.28	1.04	24.69
0.11	0.28	1.04	1.38	-1.33	8.02	0.11	0.28	1.04	24.73
0.11	0.28	1.04	1.38	-1.27	8.02	0.11	0.28	1.04	24.71
0.11	0.28	1.04	1.38	-1.27	7.89	0.11	0.28	1.04	24.72
0.11	0.28	1.04	1.32	-1.27	7.95	0.11	0.28	1.04	24.70
0.11	0.28	1.04	1.32	-1.33	8.08	0.11	0.28	1.04	24.73
0.11	0.28	1.04	1.26	-1.15	7.89	0.11	0.28	1.04	24.71
0.11	0.28	1.04	1.38	-1.27	8.02	0.11	0.28	1.04	24.73
0.11	0.28	1.04	1.38	-1.21	8.02	0.11	0.28	1.04	24.71
0.11	0.28	1.04	1.38	-1.33	8.02	0.11	0.28	1.04	24.71
0.11	0.28	1.04	1.38	-1.21	7.89	0.11	0.28	1.04	24.71
0.11	0.28	1.04	1.38	-1.27	7.95	0.11	0.28	1.04	24.72
0.11	0.28	1.04	1.38	-1.27	7.89	0.11	0.28	1.04	24.71
0.11	0.28	1.04	1.44	-1.33	8.02	0.11	0.28	1.04	24.68
0.11	0.28	1.04	1.44	-1.39	8.02	0.11	0.28	1.04	24.69
0.11	0.28	1.04	1.44	-1.39	8.08	0.11	0.28	1.04	24.70
0.11	0.28	1.04	1.26	-1.15	7.89	0.11	0.28	1.04	24.71
0.11	0.28	1.04	1.32	-1.27	7.95	0.11	0.28	1.04	24.73
0.11	0.28	1.04	1.32	-1.27	8.02	0.11	0.28	1.04	24.71
0.11	0.28	1.04	1.26	-1.27	8.02	0.11	0.28	1.04	24.70
0.11	0.28	1.04	1.50	-1.39	7.95	0.11	0.28	1.04	24.71
0.11	0.28	1.04	1.38	-1.33	8.08	0.11	0.28	1.04	24.70
0.11	0.28	1.04	1.38	-1.21	8.02	0.11	0.28	1.04	24.70
0.10	0.28	1.04	1.32	-1.27	8.08	0.11	0.28	1.04	24.70
0.11	0.28	1.03	1.38	-1.33	8.08	0.11	0.28	1.04	24.70
0.11	0.28	1.03	1.26	-1.21	8.02	0.11	0.28	1.04	24.71
0.11	0.28	1.04	1.38	-1.39	8.02	0.11	0.28	1.04	24.72
0.10	0.28	1.03	1.32	-1.27	7.95	0.11	0.28	1.04	24.72
0.11	0.28	1.04	1.32	-1.27	7.95	0.11	0.28	1.04	24.72
0.11	0.28	1.04	1.38	-1.33	8.02	0.11	0.28	1.04	24.71
0.11	0.28	1.03	1.38	-1.21	8.02	0.11	0.28	1.04	24.70
0.11	0.28	1.04	1.32	-1.39	8.02	0.11	0.28	1.04	24.70
0.11	0.28	1.04	1.38	-1.21	8.02	0.11	0.28	1.04	24.72
0.11	0.28	1.04	1.44	-1.39	8.02	0.11	0.28	1.04	24.69
0.11	0.28	1.04	1.38	-1.27	7.95	0.11	0.28	1.04	24.71
0.11	0.28	1.04	1.44	-1.39	7.95	0.11	0.28	1.04	24.71
0.11	0.28	1.04	1.38	-1.39	8.02	0.11	0.28	1.04	24.72
0.11	0.28	1.04	1.32	-1.33	7.89	0.11	0.28	1.04	24.71
0.11	0.28	1.04	1.32	-1.27	7.83	0.11	0.28	1.04	24.72
0.11	0.28	1.04	1.38	-1.51	8.02	0.11	0.28	1.04	24.68
0.11	0.28	1.04	1.50	-1.39	7.95	0.11	0.28	1.04	24.72
0.11	0.28	1.04	1.38	-1.57	8.08	0.11	0.28	1.04	24.71
0.11	0.28	1.04	1.38	-1.45	8.02	0.11	0.28	1.04	24.72
0.11	0.28	1.04	1.63	-1.45	8.14	0.11	0.28	1.04	24.72
0.11	0.28	1.04	1.44	-1.27	7.89	0.11	0.28	1.04	24.71
0.10	0.28	1.04	1.26	-1.27	7.89	0.11	0.28	1.04	24.70
0.11	0.28	1.04	1.14	-1.33	7.65	0.11	0.28	1.04	24.69
0.11	0.28	1.04	1.38	-1.69	8.02	0.11	0.28	1.04	24.71
0.11	0.28	1.04	1.50	-1.45	8.02	0.11	0.28	1.04	24.71
0.11	0.28	1.04	1.44	-1.69	8.02	0.11	0.28	1.04	24.69
0.10	0.28	1.04	1.38	-1.63	8.02	0.11	0.28	1.04	24.70
0.12	0.28	1.04	1.50	-2.00	7.95	0.11	0.28	1.04	24.72
0.11	0.28	1.04	1.26	-1.69	7.83	0.11	0.28	1.04	24.70
0.12	0.28	1.03	1.32	-1.51	7.95	0.11	0.28	1.04	24.70
0.11	0.29	1.04	1.44	-1.45	8.20	0.11	0.28	1.04	24.72
0.11	0.28	1.04	1.56	-1.69	8.20	0.11	0.28	1.04	24.71
0.10	0.28	1.04	1.02	-1.33	8.14	0.11	0.28	1.04	24.69
0.11	0.28	1.04	1.44	-1.45	8.38	0.11	0.28	1.04	24.71
0.11	0.28	1.04	1.02	-1.45	8.32	0.11	0.28	1.04	24.72
0.11	0.28	1.04	1.20	-1.69	8.32	0.11	0.28	1.04	24.72
0.11	0.28	1.04	1.08	-2.43	7.95	0.11	0.28	1.04	24.70
0.11	0.28	1.04	1.20	-2.37	7.95	0.11	0.28	1.04	24.69
0.13	0.27	1.03	1.14	-2.30	8.02	0.11	0.28	1.04	24.72
0.11	0.28	1.04	1.32	-1.76	7.71	0.11	0.28	1.04	24.70
0.11	0.29	1.04	1.02	-1.33	7.53	0.11	0.28	1.04	24.69
0.12	0.28	1.04	1.38	-1.33	8.02	0.11	0.28	1.04	24.70
0.11	0.28	1.04	1.93	-1.39	8.08	0.11	0.28	1.04	24.71
0.06	0.25	1.04	2.85	-3.59	6.67	0.11	0.28	1.04	24.68
0.18	0.31	1.03	0.47	0.56	5.39	0.11	0.28	1.04	24.72
0.12	0.27	1.04	0.47	-0.47	9.36	0.11	0.28	1.04	24.68
0.12	0.28	1.03	1.87	-1.94	7.83	0.11	0.28	1.04	24.69
0.10	0.27	1.04	1.81	-1.51	8.75	0.11	0.28	1.04	24.70
0.12	0.28	1.04	1.32	-1.02	7.89	0.11	0.28	1.04	24.72
0.11	0.27	1.04	1.44	-1.27	8.20	0.11	0.28	1.04	24.70
0.11	0.29	1.04	1.87	-1.27	8.38	0.11	0.28	1.04	24.70
0.11	0.28	1.04	1.20	-0.78	8.32	0.11	0.28	1.04	24.71
0.11	0.27	1.04	1.14	-0.90	9.11	0.11	0.28	1.04	24.71
0.11	0.28	1.04	1.56	-1.51	7.71	0.11	0.28	1.04	24.69
0.11	0.28	1.04	1.02	-0.90	8.08	0.11	0.28	1.04	24.71
0.11	0.29	1.04	1.75	-1.33	7.65	0.11	0.28	1.04	24.70
0.11	0.28	1.04	1.26	-0.90	7.77	0.11	0.28	1.04	24.70
0.11	0.28	1.04	0.89	-0.90	7.89	0.11	0.28	1.04	24.70
0.11	0.28	1.04	1.20	-1.33	7.77	0.11	0.28	1.04	24.68
0.11	0.28	1.04	1.14	-1.21	7.95	0.11	0.28	1.04	24.70
0.11	0.28	1.04	1.32	-1.21	7.83	0.11	0.28	1.04	24.71
0.11	0.28	1.04	1.50	-1.21	8.02	0.11	0.28	1.04	24.71
0.11	0.28	1.04	1.50	-1.63	7.53	0.11	0.28	1.04	24.70
0.12	0.25	1.03	1.14	-1.08	8.38	0.11	0.28	1.04	24.72
0.10	0.28	1.04	0.83	-0.78	7.83	0.11	0.28	1.04	24.70
0.12	0.28	1.04	1.14	-1.08	8.02	0.11	0.28	1.04	24.70
0.11	0.29	1.03	1.08	-1.21	8.50	0.11	0.28	1.04	24.70
0.11	0.28	1.04	0.77	-0.84	8.56	0.11	0.28	1.04	24.70
0.11	0.28	1.04	1.75	-1.57	8.32	0.11	0.28	1.04	24.69
0.13	0.29	1.03	1.56	-1.39	8.56	0.11	0.28	1.04	24.68
0.11	0.29	1.04	1.56	-1.27	8.20	0.11	0.28	1.04	24.68
0.11	0.27	1.04	1.08	-1.21	7.95	0.11	0.28	1.04	24.69
0.11	0.27	1.04	1.02	-1.08	7.83	0.11	0.28	1.04	24.68
0.12	0.29	1.04	1.32	-1.27	8.14	0.11	0.28	1.04	24.68
0.11	0.28	1.04	1.50	-1.15	7.95	0.11	0.28	1.04	24.69
0.11	0.28	1.04	1.32	-1.21	7.89	0.11	0.28	1.04	24.71
0.11	0.28	1.04	1.38	-1.39	7.77	0.11	0.28	1.04	24.70
0.12	0.29	1.04	1.56	-1.39	8.02	0.11	0.28	1.04	24.68
0.11	0.27	1.04	1.75	-1.57	7.47	0.11	0.28	1.04	24.68
0.11	0.27	1.04	1.26	-1.21	8.02	0.11	0.28	1.04	24.69
0.11	0.28	1.03	1.63	-1.51	7.89	0.11	0.28	1.04	24.68
0.11	0.28	1.04	1.38	-1.33	7.89	0.11	0.28	1.04	24.70
0.11	0.28	1.04	1.20	-1.08	8.02	0.11	0.28	1.04	24.69
0.11	0.28	1.04	1.32	-1.21	7.95	0.11	0.28	1.04	24.70
0.11	0.28	1.04	1.14	-1.15	7.95	0.11	0.28	1.04	24.68
0.11	0.28	1.04	1.38	-1.27	8.02	0.11	0.28	1.04	24.68
0.11	0.28	1.04	1.44	-1.39	7.83	0.11	0.28	1.04	24.70
0.11	0.28	1.04	1.56	-1.45	7.89	0.11	0.28	1.04	24.70
0.11	0.28	1.04	1.50	-1.39	7.95	0.11	0.28	1.04	24.67
0.11	0.28	1.03	1.38	-1.33	7.77	0.11	0.28	1.04	24.71
0.11	0.28	1.04	1.32	-1.08	7.95	0.11	0.28	1.04	24.69
0.11	0.28	1.04	1.32	-1.33	7.89	0.11	0.28	1.04	24.68
0.11	0.28	1.04	1.32	-1.33	7.65	0.11	0.28	1.04	24.72
0.11	0.28	1.04	1.38	-1.33	8.02	0.11	0.28	1.04	24.70
0.11	0.28	1.04	1.38	-1.27	7.89	0.11	0.28	1.04	24.69
0.11	0.28	1.04	1.44	-1.39	7.95	0.11	0.28	1.04	24.70
0.11	0.28	1.04	1.38	-1.27	7.83	0.11	0.28	1.04	24.70
0.11	0.28	1.04	1.38	-1.21	7.95	0.11	0.28	1.04	24.70
0.11	0.28	1.04	1.38	-1.33	8.02	0.11	0.28	1.04	24.69
0.11	0.28	1.04	1.20	-1.27	7.95	0.11	0.28	1.04	24.71
0.11	0.28	1.04	1.20	-1.27	7.95	0.11	0.28	1.04	24.68
0.11	0.28	1.03	1.14	-1.15	7.95	0.11	0.28	1.04	24.69
0.11	0.28	1.04	1.26	-1.27	8.08	0.11	0.28	1.04	24.72
0.12	0.28	1.04	1.26	-1.39	7.95	0.11	0.28	1.04	24.71
0.11	0.28	1.04	1.32	-1.27	7.89	0.11	0.28	1.04	24.69
0.11	0.28	1.04	1.38	-1.33	8.14	0.11	0.28	1.04	24.68
0.11	0.28	1.03	1.14	-1.27	8.02	0.11	0.28	1.04	24.68
0.11	0.28	1.04	1.32	-1.15	8.08	0.11	0.28	1.04	24.70
0.11	0.28	1.04	1.32	-1.39	8.08	0.11	0.28	1.04	24.71
0.11	0.27	1.04	1.93	-1.51	8.20	0.11	0.28	1.04	24.69
0.12	0.28	1.04	1.14	-1.33	7.89	0.11	0.28	1.04	24.71
0.10	0.27	1.04	2.42	-2.06	8.32	0.11	0.28	1.04	24.68
0.12	0.28	1.03	0.95	-1.02	8.08	0.11	0.28	1.04	24.69
0.11	0.28	1.04	0.71	-0.90	8.20	0.11	0.28	1.04	24.69
0.11	0.28	1.03	1.26	-1.33	8.56	0.11	0.28	1.04	24.68
0.11	0.26	1.04	1.44	-1.45	8.14	0.11	0.28	1.04	24.70
0.12	0.27	1.04	1.20	-1.45	7.83	0.11	0.28	1.04	24.68
0.11	0.28	1.04	0.95	-1.08	7.95	0.11	0.28	1.04	24.68
0.12	0.28	1.04	1.26	-1.33	8.08	0.11	0.28	1.04	24.70
0.11	0.28	1.04	1.44	-1.33	8.26	0.11	0.28	1.04	24.71
0.12	0.28	1.04	1.63	-1.39	8.32	0.11	0.28	1.04	24.68
0.12	0.29	1.04	1.14	-1.33	7.95	0.11	0.28	1.04	24.69
0.11	0.27	1.04	1.69	-1.82	7.83	0.11	0.28	1.04	24.67
0.11	0.28	1.04	1.38	-1.57	7.83	0.11	0.28	1.04	24.70
0.12	0.28	1.04	1.38	-1.21	7.71	0.11	0.28	1.04	24.71
0.11	0.28	1.04	1.14	-1.21	7.59	0.11	0.28	1.04	24.69
0.11	0.28	1.04	1.26	-1.21	7.47	0.11	0.28	1.04	24.68
0.11	0.28	1.04	1.26	-1.27	7.65	0.11	0.28	1.04	24.69
0.11	0.28	1.04	1.20	-1.27	8.02	0.11	0.28	1.04	24.70
0.11	0.28	1.04	1.14	-1.15	7.89	0.11	0.28	1.04	24.68
0.11	0.28	1.04	1.50	-1.51	7.95	0.11	0.28	1.04	24.71
0.11	0.28	1.04	1.26	-1.33	7.95	0.11	0.28	1.04	24.68
0.11	0.28	1.03	1.32	-1.57	7.89	0.11	0.28	1.04	24.71
0.11	0.29	1.03	1.50	-1.39	8.02	0.11	0.28	1.04	24.69
0.12	0.28	1.04	1.26	-1.27	7.89	0.11	0.28	1.04	24.71
0.11	0.28	1.04	1.38	-1.39	8.02	0.11	0.28	1.04	24.69
0.12	0.28	1.04	1.44	-1.39	7.89	0.11	0.28	1.04	24.70
0.11	0.28	1.04	1.20	-1.33	8.02	0.11	0.28	1.04	24.70
0.11	0.28	1.04	1.26	-1.21	7.89	0.11	0.28	1.04	24.71
0.11	0.28	1.03	1.38	-1.21	8.14	0.11	0.28	1.04	24.71
0.11	0.28	1.04	1.50	-1.39	7.83	0.11	0.28	1.04	24.70
0.11	0.28	1.04	1.32	-1.39	7.95	0.11	0.28	1.04	24.68
0.11	0.28	1.04	1.38	-1.57	7.95	0.11	0.28	1.04	24.70
0.11	0.28	1.04	1.44	-1.69	7.95	0.11	0.28	1.04	24.68
0.11	0.28	1.04	1.32	-1.94	7.77	0.11	0.28	1.04	24.70
0.11	0.28	1.04	1.32	-1.63	7.71	0.11	0.28	1.04	24.68
0.12	0.28	1.04	1.50	-1.33	8.02	0.11	0.28	1.04	24.68
0.11	0.27	1.04	1.50	-1.21	8.08	0.11	0.28	1.04	24.69
0.11	0.28	1.04	1.38	-1.39	8.02	0.11	0.28	1.04	24.69
0.11	0.28	1.04	1.50	-1.33	8.02	0.11	0.28	1.04	24.68
0.12	0.29	1.03	1.32	-1.08	8.08	0.11	0.28	1.04	24.69
0.12	0.28	1.04	1.44	-0.96	7.83	0.11	0.28	1.04	24.71
0.12	0.29	1.04	1.08	-1.15	7.34	0.11	0.28	1.04	24.70
0.12	0.30	1.04	0.16	-0.84	5.09	0.11	0.28	1.04	24.71
0.12	0.25	1.04	1.44	-1.88	7.41	0.11	0.28	1.04	24.71
0.13	0.29	1.04	2.48	-2.06	8.38	0.11	0.28	1.04	24.70
0.20	0.20	1.08	2.79	-4.20	14.97	0.11	0.28	1.04	24.70
1.20	-0.33	1.07	-35.85	-10.30	15.22	0.12	0.27	1.04	24.69
-0.05	0.64	1.07	-17.48	13.08	-16.15	0.12	0.28	1.04	24.70
1.21	-0.56	1.77	-19.86	-52.54	-43.80	0.13	0.27	1.05	24.69
0.02	-1.35	1.53	-6.06	-20.01	-77.43	0.13	0.25	1.05	24.68
1.95	-0.84	2.60	-3.81	-20.13	36.15	0.15	0.24	1.07	24.70
-2.74	0.09	1.13	25.86	-74.20	-74.75	0.12	0.24	1.07	24.70
-0.69	0.77	2.11	-17.54	-14.51	160.42	0.11	0.24	1.08	24.70
-0.87	1.61	2.04	-23.52	-19.94	85.71	0.10	0.26	1.09	24.70
-1.43	0.00	0.75	1.14	-18.23	-33.67	0.09	0.26	1.08	24.71
0.23	0.84	1.50	-3.81	-0.84	-9.68	0.09	0.26	1.09	24.69
1.10	-1.17	0.87	5.23	16.25	-11.70	0.10	0.25	1.09	24.70
0.52	-1.06	0.90	-7.10	9.66	15.22	0.10	0.23	1.08	24.72
-0.15	0.11	0.61	-16.38	-14.82	17.60	0.10	0.23	1.08	24.68
0.22	-0.46	1.06	10.11	-5.36	-16.83	0.10	0.23	1.08	24.69
-0.73	1.39	0.95	28.42	14.85	28.71	0.09	0.24	1.08	24.68
0.36	-0.43	1.32	29.27	8.74	-30.50	0.10	0.23	1.08	24.68
0.80	-0.67	1.00	-28.34	2.03	-30.44	0.10	0.22	1.08	24.70
0.38	0.20	0.48	-27.85	-11.77	-21.83	0.11	0.22	1.07	24.70
0.35	1.15	0.81	-21.57	-16.28	-1.57	0.11	0.23	1.07	24.69
0.18	1.37	0.86	-14.43	-4.38	8.75	0.11	0.24	1.07	24.69
0.27	1.40	0.93	-17.23	0.87	3.62	0.11	0.25	1.07	24.73
0.74	0.74	0.90	-21.20	14.60	2.89	0.12	0.26	1.07	24.70
1.30	-0.39	1.14	-6.80	10.39	-5.17	0.13	0.25	1.07	24.69
0.69	-1.43	1.27	11.15	7.70	-11.03	0.13	0.24	1.07	24.71
-0.18	-1.28	1.19	25.86	9.54	-5.53	0.13	0.22	1.07	24.68
-1.21	1.01	0.92	16.15	5.93	16.50	0.12	0.23	1.07	24.69
-0.02	2.29	0.79	-8.87	2.70	23.64	0.12	0.25	1.06	24.69
1.20	-0.02	0.97	-10.22	-0.35	5.09	0.13	0.25	1.06	24.69
0.27	-1.43	1.33	8.28	-3.16	-9.62	0.13	0.23	1.07	24.69
-1.17	0.90	0.91	18.72	-2.18	14.36	0.12	0.24	1.07	24.70
0.30	1.97	0.74	-2.77	-4.62	19.00	0.12	0.25	1.06	24.69
1.23	-1.08	1.29	-11.68	-3.28	-3.89	0.13	0.24	1.06	24.69
-0.46	-0.84	1.31	15.11	-6.21	0.14	0.12	0.23	1.07	24.68
-0.04	-1.48	1.42	10.35	-1.27	-5.72	0.12	0.21	1.07	24.68
-1.23	1.95	0.70	12.25	-9.69	16.80	0.11	0.23	1.07	24.69
0.98	0.33	0.91	-20.90	-8.04	6.49	0.12	0.23	1.06	24.68
0.12	-1.65	1.44	-14.12	-4.44	-7.85	0.12	0.21	1.07	24.68
-1.08	1.97	0.67	-15.77	-14.88	17.48	0.10	0.23	1.06	24.70
1.34	-0.48	1.18	-8.51	6.97	-7.24	0.12	0.22	1.07	24.70
-0.29	-1.21	1.12	28.30	4.29	-8.77	0.11	0.21	1.07	24.69
-0.20	2.36	0.80	6.75	2.46	19.43	0.11	0.23	1.06	24.68
1.33	-1.12	1.06	-4.36	8.13	-10.84	0.12	0.22	1.06	24.68
-0.97	0.46	0.89	37.21	15.64	18.09	0.11	0.22	1.06	24.69
0.46	1.76	0.88	10.48	8.56	24.31	0.11	0.23	1.06	24.69
0.26	-1.08	1.18	11.76	0.81	8.02	0.12	0.22	1.06	24.71
-1.12	2.53	0.96	3.58	-3.95	39.14	0.10	0.24	1.06	24.69
1.41	0.14	1.17	4.56	-4.26	4.84	0.12	0.24	1.06	24.67
-0.56	0.17	1.00	34.28	-13.05	21.32	0.11	0.24	1.06	24.65
0.36	2.04	0.65	-4.60	-8.65	-5.53	0.11	0.26	1.06	24.68
0.22	-1.65	1.06	-11.13	-17.75	-15.91	0.11	0.24	1.06	24.69
-0.72	2.00	1.05	7.30	-6.33	14.42	0.11	0.26	1.06	24.69
1.19	-1.84	1.20	40.26	8.86	-1.75	0.12	0.24	1.06	24.69
-1.31	0.86	1.13	42.95	11.31	14.12	0.10	0.24	1.06	24.68
1.11	0.26	1.10	-12.05	5.45	-0.35	0.11	0.24	1.06	24.69
-0.79	-0.20	1.20	-4.48	-2.49	3.80	0.10	0.24	1.06	24.65
0.75	1.25	0.91	-27.55	-1.02	11.13	0.11	0.25	1.06	24.67
-0.20	-1.10	1.14	8.95	-0.60	-3.89	0.11	0.24	1.06	24.68
0.36	2.00	0.69	-6.25	-3.40	18.57	0.11	0.25	1.06	24.66
0.17	-1.51	1.20	5.29	-4.26	-5.05	0.11	0.24	1.06	24.69
0.17	2.48	0.73	2.48	-3.04	20.34	0.11	0.26	1.05	24.68
0.28	-1.59	1.29	5.84	-3.28	-3.76	0.11	0.24	1.06	24.69
-0.05	2.45	0.82	5.96	-0.05	16.44	0.11	0.26	1.05	24.69
0.24	-1.86	1.34	3.40	-6.09	-7.85	0.11	0.24	1.06	24.68
0.03	2.09	0.99	-20.41	-9.02	29.26	0.11	0.26	1.06	24.67
0.22	-1.77	1.17	-1.79	12.89	-18.78	0.11	0.24	1.06	24.68
-0.03	2.14	0.86	1.50	0.50	3.01	0.11	0.26	1.06	24.69
0.24	-1.49	1.12	-1.73	2.46	15.95	0.11	0.24	1.06	24.70
0.24	2.68	0.72	20.79	-0.90	59.65	0.11	0.26	1.05	24.67
0.04	-0.54	1.14	15.11	7.58	28.46	0.11	0.26	1.05	24.65
0.57	2.34	0.88	-21.32	-11.52	33.65	0.12	0.28	1.05	24.68
-0.28	-0.24	1.15	-15.77	-0.78	4.11	0.11	0.27	1.05	24.66
0.89	1.52	0.78	-1.55	-19.46	3.87	0.12	0.29	1.05	24.66
-0.86	0.32	0.98	17.13	-4.26	14.91	0.11	0.29	1.05	24.67
1.01	0.50	0.73	2.91	-23.42	5.88	0.12	0.29	1.05	24.67
-1.29	0.65	0.96	16.21	-18.66	-9.44	0.11	0.29	1.05	24.68
1.52	-1.51	1.42	-15.10	-9.45	-25.92	0.12	0.27	1.05	24.65
-1.30	1.21	0.93	40.14	18.39	-10.66	0.11	0.28	1.05	24.68
0.79	-1.60	1.60	22.80	13.87	-22.99	0.11	0.26	1.05	24.67
-0.01	2.57	0.97	-22.61	-1.82	17.23	0.11	0.29	1.05	24.65
-0.00	-1.60	1.47	-8.99	-7.86	1.73	0.11	0.27	1.06	24.67
0.80	1.46	0.84	-23.95	-1.94	11.98	0.12	0.28	1.06	24.67
-1.03	-0.14	1.11	10.05	-4.62	8.26	0.11	0.28	1.06	24.66
1.41	-0.43	1.06	-13.76	2.94	6.55	0.12	0.27	1.06	24.66
-1.51	1.90	0.66	18.78	-0.23	15.64	0.10	0.29	1.05	24.67
0.69	-1.53	1.42	-0.27	3.13	1.91	0.11	0.27	1.06	24.67
0.21	2.40	0.71	-1.67	0.14	18.03	0.11	0.29	1.05	24.67
-0.48	-1.11	1.26	11.02	-1.21	-5.23	0.10	0.27	1.05	24.67
1.05	-0.00	1.08	-22.54	0.20	8.02	0.11	0.27	1.05	24.68
-1.39	0.82	1.16	-9.06	-1.33	17.78	0.10	0.28	1.06	24.67
0.88	-1.94	1.25	-32.98	-3.04	-7.91	0.11	0.25	1.06	24.68
0.23	2.07	0.72	-52.21	-6.52	14.00	0.11	0.27	1.05	24.63
-0.61	-1.09	0.95	-3.20	-4.56	20.28	0.10	0.26	1.05	24.68
1.51	0.12	0.94	42.52	5.39	47.08	0.11	0.26	1.05	24.67
-1.24	2.94	0.86	22.32	-3.77	51.66	0.10	0.28	1.05	24.65
0.25	-0.86	1.29	17.25	3.43	2.58	0.10	0.27	1.05	24.67
0.89	1.77	0.83	-1.61	13.75	1.48	0.11	0.29	1.05	24.69
-1.20	1.36	0.97	10.78	8.19	-4.31	0.10	0.30	1.05	24.66
1.13	-0.78	0.94	14.26	-9.26	21.50	0.11	0.29	1.05	24.64
0.34	2.92	0.50	12.12	-2.30	-6.88	0.11	0.31	1.04	24.67
-0.91	-0.83	1.13	23.72	-7.55	-16.46	0.10	0.30	1.04	24.67
1.59	-1.36	1.30	-43.24	-13.96	-43.80	0.11	0.29	1.05	24.66
-0.44	1.80	1.17	-2.83	-10.54	15.64	0.11	0.30	1.05	24.66
-0.43	-1.57	1.30	43.56	5.45	-8.52	0.10	0.28	1.05	24.66
1.52	-0.25	1.21	6.02	7.46	11.43	0.12	0.28	1.05	24.64
-0.93	2.60	0.92	-9.12	9.96	24.74	0.11	0.30	1.05	24.67
-0.31	-1.28	1.26	-8.26	-1.33	1.06	0.10	0.29	1.05	24.66
1.45	0.03	0.98	-21.69	1.05	6.79	0.12	0.28	1.05	24.66
-0.88	2.35	0.80	-2.46	0.75	22.85	0.11	0.30	1.05	24.63
-0.19	-1.18	1.16	6.63	-3.16	-1.69	0.10	0.29	1.05	24.66
1.38	-0.05	1.05	-13.08	-3.77	2.58	0.12	0.28	1.05	24.65
-0.92	2.40	0.86	-3.81	-4.07	17.78	0.11	0.31	1.05	24.65
-0.30	-1.35	1.26	6.08	-0.84	-3.58	0.10	0.29	1.05	24.64
1.32	-0.01	1.06	-18.64	1.60	5.27	0.11	0.29	1.05	24.65
-0.88	-0.12	1.05	2.60	7.22	18.94	0.10	0.28	1.05	24.65
0.23	-0.53	1.03	1.14	13.38	-5.78	0.10	0.27	1.05	24.65
0.66	-0.59	1.26	1.14	7.16	18.57	0.11	0.27	1.05	24.67
-0.58	1.44	1.45	7.79	-26.35	2.03	0.10	0.28	1.06	24.64
0.13	0.16	1.30	0.53	-2.49	57.21	0.10	0.28	1.06	24.66
-1.31	-0.43	1.65	10.78	-63.46	-55.16	0.09	0.27	1.06	24.65
1.27	0.54	0.93	-17.60	-7.49	61.18	0.10	0.27	1.06	24.67
1.24	0.28	1.31	3.94	-29.34	46.65	0.11	0.27	1.07	24.65
-0.63	0.65	0.82	3.46	21.01	-13.77	0.11	0.28	1.06	24.65
0.09	1.09	1.06	-7.77	-0.72	19.98	0.11	0.28	1.06	24.65
-0.60	0.01	1.02	6.57	-0.72	-20.30	0.10	0.28	1.06	24.68
0.06	0.99	1.10	-4.72	2.21	21.63	0.10	0.29	1.06	24.65
-0.50	0.29	1.03	1.81	-1.57	-4.44	0.09	0.29	1.06	24.65
0.34	0.35	0.89	4.74	8.19	22.11	0.09	0.29	1.06	24.63
0.10	0.16	0.99	5.84	-4.62	4.60	0.09	0.29	1.06	24.65
0.32	0.64	0.95	3.88	8.62	27.85	0.10	0.29	1.06	24.61
-0.08	0.13	1.12	5.29	-7.13	-9.81	0.09	0.29	1.06	24.64
-0.16	0.10	1.02	3.03	-1.45	-10.54	0.09	0.29	1.06	24.63
-0.03	0.44	1.02	3.09	-0.60	9.11	0.09	0.29	1.06	24.64
0.11	0.25	1.07	4.56	-2.79	4.41	0.09	0.29	1.06	24.65
0.06	0.22	1.05	8.28	-4.69	10.03	0.09	0.29	1.06	24.66
0.08	0.29	1.04	9.01	-1.76	7.65	0.09	0.29	1.06	24.65
-0.02	0.32	1.02	12.73	0.81	6.55	0.09	0.29	1.06	24.67
0.04	0.35	1.05	7.24	-4.38	8.87	0.09	0.29	1.06	24.64
-0.00	0.36	1.04	7.67	-10.73	5.76	0.09	0.29	1.06	24.62
0.09	0.36	1.06	1.81	-15.12	-0.29	0.09	0.29	1.06	24.68
0.08	0.35	1.06	1.69	-8.96	8.02	0.09	0.29	1.06	24.65
0.08	0.32	1.04	-5.76	-11.34	10.82	0.09	0.29	1.06	24.63
0.11	0.30	1.04	-8.87	-0.11	10.27	0.09	0.29	1.06	24.66
0.06	0.27	1.00	1.26	4.53	10.15	0.09	0.29	1.06	24.65
0.08	0.30	1.02	5.78	4.59	9.85	0.09	0.29	1.06	24.65
0.06	0.31	1.02	10.35	3.80	9.18	0.09	0.29	1.06	24.65
0.06	0.33	1.03	9.38	4.10	8.32	0.09	0.29	1.06	24.63
0.06	0.37	1.02	9.25	2.39	8.26	0.09	0.29	1.06	24.65
0.07	0.39	1.04	7.61	0.56	13.94	0.09	0.29	1.06	24.65
0.07	0.36	1.05	0.47	1.54	11.62	0.09	0.29	1.06	24.64
0.05	0.33	1.04	1.81	2.27	8.99	0.09	0.29	1.06	24.64
0.01	0.35	1.02	3.58	2.82	6.98	0.09	0.30	1.06	24.64
0.03	0.36	1.03	0.40	-1.94	7.47	0.09	0.30	1.06	24.66
0.04	0.33	1.03	1.26	-3.34	8.20	0.08	0.30	1.05	24.66
0.06	0.36	1.04	3.21	-2.67	7.95	0.08	0.30	1.05	24.65
0.06	0.35	1.04	0.22	0.56	7.83	0.08	0.30	1.05	24.65
0.04	0.37	1.03	1.44	-0.84	9.42	0.08	0.30	1.05	24.65
0.03	0.32	1.03	-1.06	-2.43	10.15	0.08	0.30	1.05	24.62
0.05	0.35	1.03	2.54	-4.14	12.90	0.08	0.30	1.05	24.64
0.08	0.35	1.04	2.05	-1.88	16.38	0.08	0.30	1.05	24.63
0.06	0.36	1.04	2.24	-1.45	8.69	0.08	0.30	1.05	24.62
0.03	0.37	1.04	1.38	1.11	12.17	0.08	0.30	1.05	24.63
0.04	0.35	1.02	0.40	-0.78	6.86	0.08	0.30	1.05	24.62
0.04	0.33	1.02	0.04	-1.02	7.59	0.08	0.30	1.05	24.62
0.07	0.33	1.03	2.66	-2.06	7.10	0.08	0.30	1.05	24.65
0.05	0.34	1.03	2.24	-0.23	6.37	0.08	0.30	1.05	24.65
0.08	0.34	1.05	-0.14	0.93	7.41	0.08	0.30	1.05	24.63
0.03	0.36	1.02	4.43	-0.05	8.63	0.08	0.30	1.05	24.65
0.05	0.36	1.03	-0.39	2.15	8.14	0.08	0.30	1.05	24.65
0.03	0.38	1.03	0.53	-3.34	7.16	0.08	0.30	1.05	24.64
0.05	0.35	1.04	-5.21	-5.72	5.88	0.08	0.30	1.05	24.65
0.05	0.33	1.03	-1.73	-5.54	6.37	0.08	0.30	1.05	24.63
0.06	0.35	1.02	-0.21	-6.39	7.10	0.08	0.31	1.05	24.62
0.07	0.32	1.03	-1.98	-6.39	8.63	0.08	0.31	1.05	24.63
0.06	0.33	1.02	1.99	-9.93	9.72	0.08	0.31	1.05	24.66
0.06	0.33	1.03	0.53	-3.34	9.79	0.08	0.31	1.05	24.62
0.07	0.35	1.03	1.50	-0.47	7.34	0.08	0.31	1.05	24.62
0.07	0.34	1.03	0.71	0.62	6.00	0.08	0.31	1.05	24.63
0.07	0.34	1.03	0.16	-0.47	4.66	0.08	0.31	1.05	24.63
0.09	0.31	1.03	3.76	-0.72	5.82	0.08	0.31	1.05	24.65
0.08	0.29	1.05	8.03	0.69	7.10	0.08	0.31	1.05	24.64
0.05	0.37	1.03	15.48	2.64	10.09	0.08	0.31	1.05	24.63
0.04	0.40	1.03	4.43	0.38	6.61	0.08	0.31	1.05	24.61
0.07	0.39	1.04	-3.93	-4.01	5.94	0.08	0.31	1.05	24.63
0.08	0.34	1.04	-0.39	-1.88	7.71	0.08	0.31	1.05	24.64
0.07	0.35	1.04	0.47	-2.24	6.31	0.08	0.31	1.05	24.65
0.07	0.35	1.03	-1.06	-1.39	7.59	0.08	0.31	1.05	24.62
0.08	0.35	1.03	-1.61	-2.30	4.78	0.08	0.31	1.05	24.64
0.07	0.34	1.03	0.71	-2.43	7.53	0.08	0.31	1.05	24.63
0.08	0.34	1.03	0.59	-0.41	6.67	0.08	0.31	1.05	24.63
0.07	0.34	1.03	0.59	-1.33	8.93	0.08	0.31	1.05	24.61
0.07	0.33	1.04	2.05	-0.60	7.47	0.08	0.31	1.05	24.62
0.06	0.35	1.04	1.32	-1.82	8.63	0.08	0.31	1.05	24.63
0.06	0.35	1.04	0.28	-1.88	7.53	0.08	0.31	1.05	24.62
0.08	0.35	1.04	-0.69	-1.69	8.14	0.08	0.31	1.05	24.64
0.06	0.34	1.03	1.56	-1.76	7.22	0.08	0.31	1.05	24.64
0.08	0.34	1.03	-0.63	-2.61	6.86	0.08	0.31	1.05	24.62
0.07	0.34	1.03	2.85	-1.08	6.49	0.08	0.31	1.05	24.62
0.07	0.32	1.02	2.60	-4.01	6.55	0.08	0.31	1.05	24.66
0.09	0.34	1.03	1.14	-1.69	5.57	0.08	0.31	1.05	24.63
0.07	0.32	1.04	4.31	-1.02	7.47	0.08	0.31	1.05	24.62
0.08	0.34	1.05	4.56	1.66	6.49	0.08	0.31	1.05	24.63
0.07	0.36	1.04	5.23	0.62	6.79	0.08	0.31	1.05	24.62
0.07	0.36	1.04	-0.08	1.36	5.82	0.08	0.32	1.05	24.60
0.05	0.35	1.03	-0.45	-0.96	8.08	0.08	0.32	1.05	24.63
0.05	0.35	1.03	0.16	-0.41	8.69	0.08	0.32	1.05	24.62
0.07	0.35	1.03	-0.63	-1.21	8.56	0.08	0.32	1.05	24.60
0.07	0.36	1.03	-0.21	0.01	8.26	0.08	0.32	1.05	24.60
0.07	0.35	1.03	-0.63	0.50	9.24	0.08	0.32	1.05	24.64
0.05	0.34	1.02	1.44	0.08	8.38	0.08	0.32	1.05	24.64
0.06	0.35	1.03	0.77	-0.84	7.65	0.08	0.32	1.05	24.64
0.04	0.35	1.02	2.54	-1.08	7.83	0.08	0.32	1.04	24.60
0.06	0.34	1.03	1.20	-0.78	7.41	0.07	0.32	1.04	24.63
0.05	0.33	1.03	3.09	-1.57	7.41	0.07	0.32	1.04	24.63
0.07	0.34	1.05	3.58	-0.72	6.25	0.07	0.32	1.04	24.61
0.05	0.35	1.03	3.64	-0.11	7.10	0.07	0.32	1.04	24.64
0.07	0.35	1.05	0.95	-1.57	7.41	0.07	0.32	1.04	24.62
0.06	0.34	1.03	0.34	-0.66	7.89	0.07	0.32	1.04	24.63
0.06	0.35	1.03	0.65	-0.72	7.41	0.07	0.32	1.04	24.62
0.06	0.34	1.02	0.65	-1.76	7.77	0.07	0.32	1.04	24.61
0.06	0.34	1.03	0.83	-0.53	7.83	0.07	0.32	1.04	24.60
0.06	0.34	1.03	3.21	0.50	8.20	0.07	0.32	1.04	24.62
0.05	0.35	1.03	1.14	-0.11	7.71	0.07	0.32	1.04	24.62
0.05	0.35	1.03	1.81	-1.45	8.38	0.07	0.32	1.04	24.63
0.05	0.35	1.03	1.50	-0.41	8.56	0.07	0.32	1.04	24.62
0.05	0.35	1.03	0.71	-1.76	7.41	0.07	0.32	1.04	24.62
0.05	0.35	1.03	0.95	-0.96	8.32	0.07	0.32	1.04	24.61
0.05	0.34	1.03	-0.39	-0.90	7.59	0.07	0.32	1.04	24.62
0.05	0.34	1.03	-0.02	-1.57	8.93	0.07	0.32	1.04	24.63
0.06	0.33	1.04	1.81	-0.05	8.02	0.07	0.32	1.04	24.63
0.05	0.35	1.03	2.36	-0.23	7.77	0.07	0.32	1.04	24.62
0.06	0.34	1.04	2.42	0.75	8.20	0.07	0.32	1.04	24.62
0.04	0.35	1.03	1.56	-0.41	7.71	0.07	0.32	1.04	24.60
0.05	0.34	1.04	1.14	-1.51	8.26	0.07	0.32	1.04	24.61
0.05	0.35	1.03	1.02	-1.69	7.59	0.07	0.32	1.04	24.63
0.05	0.33	1.04	1.02	-1.15	7.89	0.07	0.32	1.04	24.62
0.05	0.35	1.03	2.11	-1.57	7.95	0.07	0.32	1.04	24.60
0.05	0.34	1.04	2.24	-0.96	7.59	0.07	0.32	1.04	24.65
0.05	0.36	1.03	1.69	-1.27	7.65	0.07	0.32	1.04	24.63
0.05	0.34	1.03	0.22	-1.63	7.47	0.07	0.32	1.04	24.62
0.05	0.35	1.03	1.38	-0.66	7.77	0.07	0.32	1.04	24.60
0.05	0.34	1.03	0.71	-1.63	8.08	0.07	0.32	1.04	24.61
0.05	0.35	1.03	1.63	-0.78	8.63	0.07	0.33	1.04	24.64
0.07	0.36	1.04	0.40	0.01	5.51	0.07	0.33	1.04	24.63
0.08	0.34	1.05	-0.82	9.72	8.38	0.07	0.33	1.04	24.64
0.08	0.34	1.05	-0.82	9.72	8.38	0.07	0.33	1.04	24.64
0.41	0.43	0.84	-6.68	-3.59	11.80	0.07	0.33	1.04	24.60
0.78	-0.18	1.04	-5.45	-11.15	15.77	0.08	0.32	1.04	24.58
-1.05	0.01	0.87	0.34	5.63	-38.98	0.07	0.32	1.04	24.63
1.38	1.07	0.56	-4.29	47.13	56.78	0.08	0.33	1.03	24.60
1.86	0.18	0.89	-11.80	35.90	83.15	0.10	0.32	1.03	24.62
-0.27	-0.25	0.97	29.64	-0.05	-73.34	0.10	0.32	1.03	24.61
0.64	-0.99	0.93	19.45	15.15	-27.38	0.10	0.31	1.03	24.62
-0.30	2.18	1.26	-10.40	-10.24	24.43	0.10	0.32	1.03	24.61
-0.71	-0.16	0.91	-8.93	-7.31	40.67	0.09	0.32	1.03	24.63
-0.04	0.08	0.89	-11.50	-17.38	29.81	0.09	0.32	1.03	24.62
0.34	-0.43	0.54	8.95	10.02	-22.01	0.09	0.31	1.03	24.62
-0.80	1.80	1.35	-6.37	-3.71	34.93	0.08	0.32	1.03	24.62
0.31	-1.03	1.08	10.05	11.12	-5.72	0.08	0.31	1.03	24.64
1.00	-1.04	0.96	-5.64	0.69	-7.85	0.09	0.30	1.03	24.62
1.27	-1.07	1.05	-16.69	-4.14	-2.18	0.10	0.28	1.03	24.61
0.76	-1.27	1.24	-11.07	-4.32	19.61	0.11	0.27	1.03	24.62
0.20	-0.95	1.20	9.87	-0.23	44.15	0.11	0.26	1.03	24.62
-1.09	1.74	1.00	22.80	-3.10	84.80	0.10	0.27	1.03	24.60
0.53	1.70	0.82	-17.36	-1.33	105.37	0.10	0.29	1.03	24.62
0.16	2.04	0.72	-60.87	-22.02	130.33	0.10	0.30	1.03	24.62
0.04	-1.53	1.22	-19.92	-35.14	80.95	0.10	0.28	1.03	24.61
-1.69	1.78	0.73	27.38	3.25	40.00	0.09	0.30	1.03	24.61
0.97	-1.22	1.27	32.75	18.51	-6.69	0.10	0.28	1.03	24.62
-2.05	0.97	0.99	46.91	9.54	-18.53	0.07	0.29	1.03	24.62
0.72	-0.29	1.14	23.42	27.05	-67.67	0.08	0.29	1.03	24.61
-1.69	1.16	1.05	33.00	-0.53	-90.01	0.06	0.29	1.03	24.62
1.35	-0.65	1.20	-18.27	15.27	-88.73	0.08	0.28	1.03	24.59
-1.17	1.91	0.88	14.38	-16.77	-74.02	0.06	0.30	1.03	24.59
1.46	-1.41	1.41	-4.60	-15.43	-62.17	0.08	0.28	1.03	24.59
0.32	2.77	0.92	4.56	-6.21	-17.31	0.08	0.31	1.03	24.60
0.21	-1.36	1.31	24.94	6.24	-23.66	0.08	0.29	1.03	24.61
1.02	1.00	0.95	-3.99	9.47	5.45	0.09	0.30	1.03	24.60
-1.38	1.02	1.03	-1.61	-6.94	20.28	0.08	0.31	1.03	24.59
1.02	-1.44	1.23	-7.83	-8.71	4.66	0.08	0.29	1.04	24.60
0.27	2.62	0.59	-8.63	-3.04	24.07	0.09	0.31	1.03	24.59
-0.70	-0.58	1.25	11.02	-8.29	3.50	0.08	0.30	1.03	24.59
1.58	-0.73	1.34	-12.35	-1.08	5.02	0.09	0.29	1.04	24.59
-0.37	2.79	0.97	-12.84	-4.14	19.73	0.09	0.32	1.04	24.58
0.23	-0.97	1.25	-25.96	-15.73	9.42	0.09	0.31	1.04	24.62
2.12	-0.48	1.26	-44.82	-30.08	48.36	0.11	0.30	1.04	24.61
0.04	2.73	0.98	-35.12	-14.02	95.54	0.11	0.32	1.04	24.60
-0.42	-0.74	1.17	0.16	-14.27	106.40	0.10	0.31	1.04	24.59
1.38	-1.19	1.37	0.53	-18.36	123.80	0.12	0.30	1.04	24.58
0.01	2.48	0.71	8.64	-12.25	133.93	0.12	0.32	1.04	24.59
-1.48	0.33	1.02	24.76	-9.69	97.62	0.10	0.32	1.04	24.61
0.29	-1.61	1.16	20.12	3.37	50.50	0.10	0.30	1.04	24.58
-0.11	1.65	0.72	14.08	21.44	9.54	0.10	0.31	1.04	24.61
-2.52	1.17	0.90	39.47	14.54	-59.43	0.07	0.32	1.04	24.59
-0.42	-1.58	1.30	23.23	26.14	-116.44	0.07	0.30	1.04	24.56
0.79	0.90	0.64	-4.54	22.66	-129.74	0.08	0.31	1.04	24.58
-0.64	3.08	0.64	-10.52	-15.98	-115.09	0.07	0.34	1.03	24.58
0.22	-0.60	1.49	-10.52	-33.86	-86.53	0.07	0.33	1.04	24.60
1.97	-1.61	1.28	19.81	-15.55	-42.22	0.09	0.31	1.04	24.56
1.39	1.30	0.94	38.73	27.72	-13.35	0.10	0.32	1.04	24.59
-1.36	2.21	0.76	26.71	8.32	20.71	0.09	0.34	1.04	24.58
-0.57	-0.76	1.30	-2.04	-14.88	19.86	0.08	0.32	1.04	24.58
1.15	-1.42	1.22	-10.03	-10.79	10.82	0.09	0.31	1.04	24.59
0.87	1.27	0.80	-15.40	-4.32	18.09	0.10	0.32	1.04	24.57
-1.20	2.29	0.68	-3.14	-7.37	12.04	0.09	0.34	1.03	24.57
-0.69	-0.65	1.25	10.78	-9.20	-9.14	0.08	0.33	1.04	24.57
1.18	-1.44	1.27	-2.22	-4.75	-15.42	0.09	0.31	1.04	24.61
1.17	1.03	0.86	-20.16	-2.73	2.71	0.10	0.32	1.04	24.60
-0.61	2.52	0.81	-17.11	-5.66	24.86	0.09	0.34	1.03	24.60
-0.28	-0.34	1.29	-11.01	-9.57	43.29	0.09	0.33	1.04	24.59
1.06	-1.63	1.59	-0.02	0.50	70.94	0.10	0.31	1.04	24.59
1.31	0.68	1.01	-10.22	-1.88	110.13	0.11	0.32	1.04	24.58
0.00	2.86	0.80	-12.17	-19.88	144.31	0.11	0.34	1.04	24.61
-1.56	0.95	1.03	-5.52	-30.99	144.61	0.09	0.35	1.04	24.57
-0.31	-1.62	1.27	12.18	-10.67	102.38	0.09	0.33	1.04	24.59
1.25	-1.19	1.30	25.25	4.78	68.38	0.10	0.31	1.04	24.57
0.52	1.69	0.69	5.10	6.91	57.88	0.11	0.33	1.04	24.56
-1.72	2.05	0.73	10.66	13.38	28.04	0.09	0.34	1.04	24.57
-1.35	-0.83	1.30	23.78	10.15	-25.80	0.07	0.33	1.04	24.58
0.19	-1.67	1.48	26.89	15.27	-70.29	0.07	0.31	1.04	24.54
0.31	1.22	0.87	-4.72	13.81	-108.44	0.08	0.32	1.04	24.57
-0.95	3.00	0.63	-20.84	-23.30	-134.99	0.07	0.35	1.04	24.57
-0.87	0.45	0.91	-3.44	-51.99	-138.47	0.06	0.35	1.04	24.54
1.01	-1.47	1.35	14.20	-41.73	-116.80	0.07	0.33	1.04	24.57
2.19	-0.04	1.17	-3.93	-18.60	-71.76	0.09	0.33	1.04	24.59
1.13	2.32	0.57	22.74	-7.98	-35.99	0.10	0.35	1.04	24.57
-1.20	1.45	0.80	29.58	-0.41	-17.99	0.09	0.36	1.03	24.56
-0.24	-1.06	1.21	33.61	-1.21	-2.54	0.08	0.34	1.04	24.54
1.19	-1.41	1.55	10.35	7.95	7.83	0.09	0.33	1.04	24.57
1.38	0.46	1.12	-11.07	15.88	28.10	0.11	0.33	1.04	24.57
0.54	2.45	0.57	-15.59	28.58	48.79	0.11	0.35	1.04	24.56
0.24	-1.03	1.22	16.70	25.71	15.58	0.11	0.33	1.04	24.56
0.92	0.13	1.06	-4.78	20.58	15.28	0.12	0.33	1.04	24.57
0.16	0.86	1.04	0.22	42.19	-9.38	0.12	0.34	1.04	24.58
-1.02	2.34	1.10	-27.55	-11.89	11.92	0.11	0.36	1.04	24.57
-1.19	0.92	1.23	-6.49	-21.41	29.56	0.10	0.36	1.04	24.55
-0.83	0.78	0.87	20.18	5.02	-61.14	0.09	0.37	1.04	24.59
-1.10	-0.46	1.41	10.05	-55.89	-42.28	0.07	0.36	1.04	24.56
-0.58	0.82	0.55	1.87	35.17	-17.92	0.07	0.36	1.04	24.56
-0.85	-0.31	0.82	17.07	4.35	-28.48	0.06	0.36	1.04	24.57
0.13	1.13	1.05	3.88	2.27	21.14	0.06	0.36	1.04	24.56
-0.38	0.71	1.04	1.75	13.32	3.74	0.06	0.37	1.04	24.56
0.24	-0.13	1.01	2.24	6.67	11.86	0.06	0.36	1.04	24.56
-0.09	0.08	1.03	-1.55	2.64	3.44	0.06	0.36	1.04	24.56
0.44	0.53	0.97	-6.06	3.01	17.90	0.06	0.36	1.04	24.53
-0.28	-0.06	1.06	-0.39	-4.26	-11.76	0.06	0.36	1.04	24.56
-0.21	-0.07	1.06	-0.21	-1.02	-9.62	0.05	0.35	1.04	24.58
0.18	0.43	0.92	-5.15	14.79	20.53	0.05	0.35	1.04	24.57
-0.07	0.15	1.08	4.86	1.72	-5.66	0.05	0.35	1.04	24.55
-0.01	0.25	1.11	9.80	-8.77	3.19	0.05	0.35	1.04	24.54
-0.08	0.51	1.03	3.70	-1.21	8.26	0.05	0.35	1.04	24.55
0.11	0.30	1.10	4.86	-3.89	6.98	0.05	0.35	1.04	24.52
0.08	0.34	1.06	0.89	-4.69	6.67	0.05	0.35	1.04	24.55
0.05	0.34	1.03	1.50	-3.95	4.05	0.05	0.35	1.04	24.55
0.04	0.34	1.02	-2.04	2.88	5.94	0.05	0.35	1.04	24.56
0.04	0.38	1.01	-2.22	0.93	8.08	0.05	0.35	1.04	24.57
0.01	0.33	1.02	-3.68	0.14	11.01	0.05	0.35	1.04	24.55
0.02	0.36	1.05	4.98	-2.18	10.09	0.05	0.35	1.04	24.56
0.03	0.38	1.07	2.30	-3.71	10.21	0.05	0.35	1.04	24.55
0.03	0.36	1.05	3.70	-4.01	8.26	0.05	0.35	1.04	24.55
0.02	0.36	1.03	0.83	-3.46	9.42	0.05	0.35	1.04	24.56
0.04	0.36	1.03	-1.12	-4.50	8.02	0.05	0.35	1.04	24.56
0.05	0.36	1.02	-0.51	-1.82	7.65	0.05	0.35	1.04	24.56
0.04	0.35	1.02	0.04	-2.55	7.95	0.05	0.35	1.04	24.56
0.05	0.34	1.02	-0.21	-3.89	9.11	0.05	0.35	1.04	24.56
0.06	0.34	1.03	1.32	-1.33	10.15	0.05	0.35	1.04	24.54
0.04	0.34	1.02	1.26	-0.11	8.50	0.05	0.35	1.04	24.53
0.06	0.35	1.03	1.99	0.32	7.28	0.05	0.35	1.04	24.54
0.03	0.34	1.03	3.15	6.61	5.70	0.05	0.35	1.04	24.54
0.01	0.36	1.03	7.06	2.03	6.43	0.05	0.35	1.04	24.54
0.04	0.36	1.02	-2.40	-3.53	7.04	0.05	0.35	1.04	24.55
0.05	0.34	1.03	2.66	-4.75	8.75	0.05	0.35	1.04	24.55
0.05	0.36	1.03	1.75	-2.73	9.42	0.05	0.35	1.04	24.53
0.05	0.36	1.04	1.69	0.20	8.50	0.05	0.35	1.04	24.56
0.04	0.37	1.04	0.40	0.38	6.86	0.05	0.35	1.04	24.54
0.02	0.28	1.04	7.06	-0.29	10.33	0.05	0.35	1.04	24.56
0.00	0.35	1.04	20.79	-5.72	15.83	0.05	0.35	1.04	24.56
0.05	0.42	1.01	4.68	-8.29	8.81	0.05	0.35	1.04	24.54
0.05	0.40	1.05	8.64	-5.30	8.38	0.05	0.35	1.04	24.56
0.06	0.40	1.03	-2.89	-5.05	4.66	0.05	0.35	1.04	24.56
0.05	0.38	1.01	-0.63	-16.53	17.72	0.05	0.35	1.04	24.56
0.16	0.38	1.02	-7.53	-20.80	20.28	0.05	0.35	1.04	24.55
0.15	0.37	1.06	-10.03	8.50	-3.46	0.05	0.35	1.04	24.56
0.02	0.37	1.02	-0.82	10.94	5.27	0.05	0.35	1.04	24.54
0.03	0.37	1.03	3.40	1.66	8.75	0.05	0.35	1.04	24.56
0.03	0.36	1.03	-5.52	-0.29	7.22	0.05	0.35	1.04	24.53
0.02	0.33	1.02	5.04	-5.05	8.99	0.05	0.35	1.04	24.53
0.12	0.39	1.05	-8.26	-3.65	6.00	0.05	0.35	1.04	24.55
0.06	0.34	1.01	-0.69	1.78	3.93	0.05	0.35	1.04	24.54
0.07	0.30	1.03	-10.09	4.65	3.13	0.05	0.35	1.04	24.54
0.09	0.35	1.03	2.79	1.54	9.85	0.05	0.35	1.04	24.54
0.07	0.32	1.04	-4.29	9.29	7.28	0.05	0.35	1.04	24.56
0.01	0.35	1.03	5.41	4.65	10.64	0.05	0.35	1.04	24.55
0.06	0.32	1.04	-3.50	5.02	1.61	0.05	0.35	1.04	24.55
0.02	0.34	1.04	2.48	5.39	5.88	0.05	0.35	1.04	24.55
0.01	0.32	1.02	4.19	1.42	7.41	0.05	0.35	1.04	24.55
0.04	0.36	1.03	1.02	0.56	8.63	0.05	0.35	1.04	24.52
-0.00	0.34	1.01	0.59	-2.37	10.21	0.05	0.35	1.03	24.53
0.03	0.35	1.03	2.60	-10.00	17.41	0.05	0.35	1.03	24.53
0.07	0.31	1.04	-4.48	-2.00	9.48	0.05	0.35	1.03	24.52
0.03	0.35	1.03	2.11	1.91	9.11	0.05	0.35	1.03	24.56
0.03	0.34	1.03	1.32	-1.21	8.26	0.05	0.35	1.03	24.51
0.03	0.34	1.03	0.16	-0.78	7.89	0.05	0.35	1.03	24.54
0.03	0.33	1.03	1.56	-1.45	7.10	0.05	0.35	1.03	24.52
0.03	0.32	1.03	-1.61	-0.90	6.12	0.05	0.35	1.03	24.53
0.05	0.34	1.03	2.24	-2.61	8.26	0.05	0.35	1.03	24.55
0.04	0.35	1.04	1.99	0.99	8.99	0.05	0.35	1.03	24.55
0.03	0.34	1.04	1.32	0.26	8.20	0.05	0.35	1.03	24.55
0.03	0.33	1.04	1.69	-0.23	6.06	0.05	0.35	1.03	24.51
0.03	0.32	1.04	-1.49	3.98	6.49	0.05	0.35	1.03	24.51
0.01	0.33	1.04	1.75	3.43	7.28	0.05	0.35	1.03	24.54
0.01	0.33	1.02	-0.27	-0.11	11.19	0.05	0.35	1.03	24.54
0.04	0.33	1.03	-0.45	-1.21	8.87	0.05	0.35	1.03	24.53
0.01	0.33	1.03	-0.63	1.66	7.89	0.05	0.35	1.03	24.50
0.02	0.32	1.03	0.71	-3.16	7.83	0.05	0.35	1.03	24.52
0.03	0.32	1.03	0.10	-3.71	8.20	0.05	0.35	1.03	24.52
0.01	0.31	1.03	0.10	0.38	7.83	0.05	0.35	1.03	24.52
0.01	0.33	1.03	-0.08	0.01	6.12	0.05	0.35	1.03	24.53
0.02	0.32	1.03	2.17	-1.63	5.39	0.05	0.35	1.03	24.53
0.03	0.32	1.03	-0.69	1.42	6.61	0.05	0.35	1.03	24.51
-0.01	0.32	1.02	3.40	-2.49	10.52	0.04	0.35	1.03	24.49
0.03	0.32	1.03	2.36	-4.99	7.10	0.04	0.35	1.03	24.53
0.04	0.34	1.04	3.21	-1.45	6.12	0.04	0.35	1.03	24.52
0.02	0.34	1.04	-0.02	4.65	5.33	0.04	0.35	1.03	24.49
0.00	0.31	1.04	0.22	4.84	3.87	0.04	0.35	1.03	24.52
-0.02	0.34	1.02	0.40	-1.63	4.84	0.04	0.35	1.03	24.53
0.01	0.33	1.03	2.30	-2.43	4.48	0.04	0.35	1.03	24.53
0.00	0.32	1.03	3.76	-4.69	5.21	0.04	0.35	1.03	24.51
0.02	0.33	1.02	4.92	-6.70	6.06	0.04	0.35	1.03	24.53
0.04	0.33	1.05	-0.27	0.75	6.12	0.04	0.35	1.03	24.54
0.03	0.36	1.03	3.94	-0.90	7.47	0.04	0.35	1.03	24.55
0.05	0.29	1.05	-7.83	7.95	0.87	0.04	0.35	1.03	24.53
-0.01	0.35	1.04	3.94	5.20	7.16	0.04	0.35	1.03	24.53
-0.02	0.29	1.03	-1.24	2.33	14.36	0.04	0.35	1.03	24.52
0.02	0.33	1.03	-1.98	-3.89	10.52	0.04	0.35	1.03	24.54
0.14	0.12	1.06	-0.75	-12.62	-0.83	0.04	0.34	1.03	24.52
0.05	0.38	1.06	0.71	-7.92	9.60	0.04	0.34	1.03	24.53
0.02	0.34	1.03	5.59	-1.21	9.05	0.04	0.34	1.03	24.52
-0.00	0.34	1.03	2.79	0.26	10.64	0.04	0.34	1.03	24.50
0.02	0.32	1.04	2.66	-3.04	8.14	0.04	0.34	1.03	24.54
0.02	0.38	1.03	3.40	-3.95	9.48	0.04	0.34	1.03	24.53
0.05	0.31	1.05	1.14	-0.90	5.51	0.04	0.34	1.03	24.53
0.03	0.33	1.04	-10.28	12.59	-3.15	0.04	0.34	1.03	24.54
0.04	0.38	1.05	-6.00	-0.29	-5.17	0.04	0.34	1.03	24.53
0.01	0.31	1.05	-16.44	10.02	1.91	0.04	0.34	1.03	24.53
-0.04	0.32	1.04	-5.21	1.30	20.47	0.04	0.34	1.03	24.51
-0.00	0.29	1.02	-16.62	4.84	14.91	0.04	0.34	1.03	24.50
-0.07	0.26	1.02	-16.75	-3.89	15.64	0.04	0.34	1.03	24.50
0.05	0.30	1.02	-15.71	-6.03	13.08	0.04	0.34	1.03	24.52
-0.09	0.20	1.03	-14.92	-1.27	15.46	0.04	0.34	1.03	24.51
-0.01	0.21	1.01	0.83	-11.34	13.39	0.04	0.34	1.03	24.52
-0.00	0.16	1.01	0.77	-6.94	7.59	0.04	0.34	1.03	24.50
0.03	0.23	1.02	7.79	-2.98	8.14	0.04	0.34	1.03	24.50
0.02	0.22	1.03	13.65	7.64	9.66	0.04	0.33	1.03	24.50
0.03	0.29	1.05	6.87	7.77	8.63	0.04	0.33	1.03	24.52
-0.00	0.27	1.03	4.37	4.53	22.85	0.04	0.33	1.03	24.52
0.02	0.10	0.95	-1.06	-7.98	-5.47	0.04	0.33	1.03	24.52
0.04	0.91	1.02	-14.92	-3.04	4.60	0.04	0.34	1.03	24.52
-0.97	-0.53	0.99	19.02	-4.20	-56.13	0.03	0.33	1.03	24.52
1.58	0.20	1.01	10.60	21.99	74.79	0.04	0.33	1.03	24.51
-1.43	0.39	1.45	29.40	-47.23	-29.52	0.03	0.33	1.04	24.51
0.34	0.97	0.99	-18.15	12.53	80.53	0.03	0.33	1.04	24.53
1.01	-1.44	1.04	18.90	10.45	13.14	0.04	0.32	1.04	24.51
0.14	0.61	1.02	27.99	3.55	-15.97	0.04	0.32	1.04	24.52
0.30	0.78	1.23	28.91	16.01	-18.11	0.04	0.32	1.04	24.49
-0.22	0.72	1.84	24.15	-4.38	29.19	0.04	0.33	1.05	24.52
0.74	0.02	1.63	5.23	-14.94	20.41	0.05	0.32	1.05	24.53
-1.19	2.25	1.87	4.86	-9.38	34.50	0.03	0.34	1.06	24.53
-1.03	1.82	1.68	-62.16	-1.94	12.04	0.02	0.36	1.07	24.51
-1.33	1.56	1.01	-82.11	0.01	27.36	0.01	0.37	1.07	24.49
-0.43	2.53	0.41	-76.26	-0.66	21.26	0.01	0.39	1.06	24.50
0.79	0.65	0.23	-74.36	8.62	-8.28	0.01	0.39	1.05	24.52
0.42	-1.46	0.40	-47.20	1.11	-6.88	0.02	0.38	1.04	24.50
-1.21	1.74	-0.25	-44.03	-4.50	43.54	0.01	0.39	1.03	24.52
1.56	-1.34	0.20	-6.80	-6.21	19.19	0.02	0.37	1.02	24.51
-1.17	0.86	0.05	29.70	-19.15	25.17	0.01	0.38	1.01	24.53
1.46	-0.98	0.75	81.70	-35.45	-10.36	0.02	0.36	1.01	24.52
-1.57	1.56	0.98	128.88	-33.37	20.89	0.01	0.38	1.01	24.52
0.79	-1.50	2.37	173.26	-4.32	-8.89	0.02	0.36	1.02	24.53
0.34	2.66	1.38	123.39	32.00	24.56	0.02	0.38	1.03	24.49
-0.88	0.28	1.79	106.67	12.28	-28.79	0.01	0.38	1.04	24.50
1.14	-0.56	1.63	-86.27	26.99	-14.51	0.02	0.37	1.04	24.50
0.28	2.78	0.81	-40.12	-30.26	22.79	0.02	0.39	1.04	24.49
-0.97	0.04	0.99	-25.17	4.53	2.95	0.01	0.39	1.04	24.51
0.94	-1.47	1.23	-5.15	1.48	-1.14	0.02	0.37	1.04	24.48
0.86	1.61	0.84	-27.24	-0.23	15.40	0.03	0.38	1.04	24.52
-1.59	2.11	1.29	-6.86	2.88	20.89	0.02	0.40	1.04	24.51
-0.58	-0.92	2.20	-26.27	5.63	5.51	0.01	0.39	1.05	24.49
1.28	-0.88	2.26	-93.71	-16.95	-6.82	0.02	0.38	1.06	24.51
0.86	1.75	1.35	-160.24	-15.73	9.54	0.03	0.39	1.07	24.50
-1.01	1.92	0.76	-109.09	8.99	26.39	0.02	0.40	1.06	24.50
-0.79	-0.69	0.54	-53.00	38.04	2.16	0.01	0.39	1.06	24.51
0.90	-1.79	0.59	-60.75	9.23	-7.85	0.02	0.37	1.05	24.51
1.08	0.31	-0.15	-90.78	14.36	25.29	0.03	0.37	1.04	24.48
-0.09	2.27	-0.74	-56.97	-19.21	39.94	0.03	0.39	1.02	24.47
-1.43	0.93	-0.34	-7.90	-41.00	31.58	0.02	0.40	1.01	24.50
-0.30	-1.28	0.24	33.24	-42.71	3.13	0.01	0.38	1.00	24.50
0.97	-1.56	0.69	71.08	-26.96	-20.92	0.02	0.36	1.00	24.47
1.02	0.12	1.12	183.94	16.49	-25.07	0.03	0.36	1.00	24.49
-0.28	2.34	1.20	241.13	43.78	-10.17	0.03	0.38	1.00	24.49
-1.71	1.71	1.88	122.66	30.23	12.90	0.01	0.39	1.01	24.50
-0.50	-0.89	2.02	53.02	0.75	-2.60	0.01	0.38	1.02	24.49
1.02	-1.25	1.65	1.69	7.95	-4.50	0.02	0.36	1.03	24.49
1.42	0.45	1.08	-39.57	-7.00	7.65	0.03	0.36	1.03	24.48
0.66	2.26	0.56	-31.09	-11.77	24.92	0.04	0.38	1.02	24.49
-1.23	2.56	0.57	-6.68	-11.83	19.98	0.02	0.40	1.02	24.48
-1.23	0.49	0.89	15.36	-12.99	10.09	0.01	0.40	1.02	24.47
-0.38	-1.51	1.41	22.68	-2.43	-3.70	0.01	0.38	1.02	24.49
0.94	-1.50	1.41	29.21	0.01	-2.42	0.02	0.37	1.03	24.48
1.27	0.05	1.64	5.23	-4.62	7.89	0.03	0.36	1.03	24.50
0.86	1.89	1.80	-23.28	3.49	27.42	0.04	0.38	1.04	24.48
-0.17	3.01	1.82	-77.35	-5.48	23.46	0.04	0.40	1.05	24.49
-1.56	1.90	1.41	-139.06	9.41	11.49	0.02	0.42	1.05	24.50
-1.08	-0.14	0.98	-118.43	3.01	2.46	0.01	0.41	1.05	24.48
-0.07	-1.84	0.85	-86.51	7.52	-8.10	0.01	0.39	1.05	24.49
0.86	-1.92	0.60	-69.54	28.88	0.51	0.02	0.37	1.04	24.47
1.61	-1.28	0.37	-26.15	14.48	21.26	0.03	0.35	1.04	24.49
1.09	0.48	-0.03	-35.06	12.47	31.21	0.04	0.35	1.03	24.48
0.70	1.72	-0.44	-24.07	-5.48	39.69	0.05	0.37	1.01	24.46
-0.13	2.70	-0.40	9.44	-21.71	24.68	0.05	0.39	1.00	24.50
-1.60	2.19	-0.26	43.37	-66.76	11.68	0.03	0.41	0.99	24.48
-1.21	0.60	1.14	39.77	-85.43	6.73	0.02	0.41	0.99	24.50
-0.85	-1.05	2.02	112.71	-16.89	-13.96	0.01	0.39	1.00	24.50
-0.29	-1.61	2.33	162.51	29.13	-12.25	0.01	0.37	1.01	24.48
0.25	-1.30	2.32	84.08	7.46	-13.47	0.01	0.36	1.02	24.49
1.35	-1.37	1.82	-6.25	-25.86	-12.61	0.02	0.34	1.03	24.48
1.73	-0.80	1.41	-37.93	1.36	0.14	0.04	0.33	1.04	24.46
1.32	0.38	0.93	-29.69	17.10	8.93	0.05	0.33	1.03	24.47
1.05	1.42	0.60	-21.45	16.68	16.99	0.06	0.34	1.03	24.46
0.73	2.27	0.45	-1.06	23.02	20.16	0.07	0.36	1.02	24.47
0.12	2.76	0.73	12.43	7.95	21.20	0.07	0.38	1.02	24.47
-0.64	2.48	0.78	6.75	-1.57	30.35	0.06	0.40	1.02	24.46
-1.37	1.86	0.92	3.15	0.99	12.35	0.05	0.42	1.02	24.45
-1.63	0.91	1.04	10.11	-4.56	-9.20	0.03	0.42	1.02	24.48
-1.32	0.34	1.14	20.55	-2.55	-3.76	0.02	0.42	1.02	24.47
-1.15	-0.40	1.27	15.05	-5.78	-4.44	0.01	0.42	1.02	24.48
-0.84	-1.10	1.29	1.99	-1.94	7.04	-0.00	0.40	1.02	24.46
-0.63	-1.49	1.34	-10.52	6.48	21.02	-0.01	0.38	1.03	24.48
-0.18	-1.96	1.47	-19.07	-18.66	29.93	-0.01	0.36	1.03	24.47
-0.10	-2.01	1.47	-4.23	-9.45	18.09	-0.01	0.33	1.04	24.46
0.35	-1.97	1.57	0.04	1.60	9.30	-0.01	0.31	1.04	24.47
0.76	-1.78	1.33	-10.64	8.50	-5.47	0.00	0.29	1.04	24.47
1.06	-1.63	1.03	-1.12	17.84	-14.02	0.01	0.27	1.04	24.47
1.63	-1.41	1.27	21.28	-18.23	-12.19	0.03	0.25	1.05	24.45
1.65	-1.36	1.36	18.78	6.79	-24.52	0.04	0.24	1.05	24.46
1.62	-0.93	1.26	27.26	16.98	-7.91	0.06	0.23	1.05	24.46
1.44	-0.34	1.02	12.18	4.78	11.19	0.07	0.22	1.05	24.46
1.47	0.04	1.01	4.56	10.70	20.59	0.09	0.22	1.05	24.45
1.40	0.55	0.99	13.41	6.18	20.96	0.10	0.22	1.05	24.47
1.39	1.01	0.98	-13.02	16.68	5.57	0.11	0.23	1.05	24.47
1.25	1.63	0.79	-16.75	29.98	17.72	0.12	0.24	1.05	24.47
1.18	1.98	0.73	-24.56	28.46	7.28	0.13	0.26	1.04	24.45
0.82	2.19	0.60	-25.41	3.55	-6.27	0.14	0.28	1.04	24.46
0.57	2.17	0.53	-21.75	6.42	-50.94	0.15	0.30	1.03	24.45
0.46	2.73	0.52	-19.19	-20.49	0.20	0.15	0.32	1.03	24.47
0.53	2.52	0.68	-54.77	-14.88	20.59	0.15	0.35	1.03	24.45
0.24	2.49	0.73	-5.03	6.18	0.69	0.15	0.37	1.02	24.45
0.01	2.80	0.79	10.48	11.00	1.61	0.15	0.39	1.02	24.46
-0.30	2.53	0.84	2.72	-8.47	7.28	0.15	0.41	1.02	24.44
-0.34	2.65	0.84	16.58	-6.58	17.23	0.14	0.44	1.02	24.44
-0.48	2.65	0.75	28.05	-11.70	29.44	0.14	0.46	1.01	24.47
-0.64	-1.18	1.50	19.26	-19.70	5.94	0.13	0.44	1.02	24.45
-0.73	-1.15	1.40	18.23	-12.13	6.00	0.12	0.42	1.02	24.47
-0.75	-0.96	1.36	30.25	-3.83	8.38	0.11	0.41	1.03	24.47
-0.90	-0.90	1.29	33.18	3.55	2.83	0.10	0.40	1.03	24.46
-0.93	-0.40	1.31	30.31	15.52	6.43	0.09	0.39	1.03	24.47
-1.26	-0.05	1.26	-0.51	20.71	38.84	0.08	0.39	1.03	24.47
-0.46	-1.61	1.45	-46.84	15.76	52.51	0.07	0.37	1.04	24.47
-0.69	-0.54	1.22	-31.09	-2.24	34.57	0.06	0.36	1.04	24.45
0.60	0.48	0.89	-2.71	16.37	-14.08	0.07	0.36	1.04	24.45
-0.26	2.12	0.92	9.56	25.16	-66.63	0.07	0.38	1.04	24.44
0.38	-0.11	0.65	11.39	10.45	20.53	0.07	0.37	1.03	24.43
0.96	-0.17	0.83	-8.99	17.96	55.75	0.08	0.37	1.03	24.47
-1.48	-0.17	1.55	14.32	-60.29	-28.85	0.06	0.36	1.04	24.48
0.16	-0.39	1.50	4.13	-51.62	34.69	0.06	0.35	1.04	24.44
-1.22	0.17	0.81	4.49	15.70	-36.78	0.05	0.35	1.04	24.45
-0.93	-0.40	0.77	7.91	11.98	-33.67	0.04	0.34	1.04	24.48
0.74	0.88	1.21	-5.33	-16.53	43.90	0.05	0.35	1.04	24.44
0.68	0.55	1.21	-5.09	-16.89	37.31	0.05	0.35	1.04	24.43
-0.02	0.88	1.06	-6.31	-5.48	18.88	0.05	0.36	1.04	24.45
0.44	0.01	1.03	1.99	-5.05	17.11	0.06	0.35	1.04	24.47
0.21	0.10	1.00	-1.49	0.14	15.83	0.06	0.35	1.04	24.47
0.21	0.88	1.13	-4.29	1.05	29.50	0.06	0.36	1.04	24.45
0.19	0.23	0.94	0.28	8.07	21.57	0.06	0.35	1.04	24.46
0.10	0.15	0.95	1.63	6.91	22.18	0.06	0.35	1.04	24.46
0.05	0.45	1.05	-0.88	0.75	24.98	0.06	0.35	1.04	24.46
-0.01	0.41	0.97	4.86	1.30	12.41	0.06	0.35	1.04	24.44
0.00	0.49	0.94	2.72	-2.85	3.19	0.06	0.35	1.04	24.45
0.04	0.50	1.03	1.38	0.56	19.00	0.06	0.36	1.04	24.47
0.02	0.07	1.04	3.09	-6.94	5.45	0.06	0.35	1.04	24.46
-0.06	0.23	1.03	5.23	-1.21	11.37	0.06	0.35	1.04	24.45
0.00	0.22	1.04	5.04	-2.85	12.59	0.06	0.35	1.04	24.46
-0.03	0.28	1.03	1.56	-3.77	9.60	0.06	0.35	1.04	24.44
-0.03	0.28	1.03	1.75	-2.24	10.95	0.06	0.35	1.04	24.46
-0.03	0.26	1.03	2.54	-0.90	8.20	0.06	0.35	1.04	24.46
-0.02	0.28	1.04	0.22	-0.84	8.99	0.06	0.35	1.04	24.43
-0.02	0.28	1.04	1.56	-0.53	8.20	0.05	0.35	1.04	24.45
-0.04	0.27	1.02	0.95	0.81	8.38	0.05	0.35	1.04	24.44
-0.03	0.28	1.03	1.14	1.17	7.53	0.05	0.35	1.04	24.45
-0.06	0.27	1.02	1.75	1.85	7.16	0.05	0.35	1.04	24.43
-0.04	0.28	1.04	2.85	-1.45	9.18	0.05	0.34	1.04	24.45
-0.04	0.30	1.03	1.69	-1.63	8.32	0.05	0.34	1.04	24.45
-0.04	0.28	1.03	0.16	-2.43	8.14	0.05	0.34	1.04	24.45
-0.03	0.27	1.04	-0.33	-1.08	9.72	0.05	0.34	1.04	24.43
-0.05	0.27	1.02	0.47	-0.35	7.95	0.05	0.34	1.04	24.43
-0.05	0.27	1.02	2.17	-2.55	9.66	0.05	0.34	1.04	24.44
-0.04	0.28	1.03	1.93	-1.15	7.71	0.05	0.34	1.04	24.44
-0.03	0.27	1.04	3.27	-1.82	8.63	0.04	0.34	1.04	24.46
-0.04	0.29	1.03	2.42	-1.57	8.75	0.04	0.34	1.04	24.44
-0.03	0.28	1.04	1.20	-1.02	8.26	0.04	0.34	1.04	24.45
-0.05	0.28	1.02	0.47	-0.90	8.63	0.04	0.34	1.04	24.46
-0.04	0.27	1.03	1.32	-2.79	10.27	0.04	0.34	1.04	24.44
-0.03	0.29	1.03	0.16	-1.82	9.30	0.04	0.34	1.04	24.43
-0.04	0.28	1.03	0.53	-2.12	8.99	0.04	0.34	1.04	24.45
-0.03	0.27	1.02	0.53	-1.94	7.89	0.04	0.34	1.04	24.45
-0.03	0.27	1.03	2.42	-2.92	8.56	0.04	0.33	1.04	24.43
-0.03	0.28	1.03	1.44	-1.45	8.08	0.04	0.33	1.04	24.43
-0.03	0.29	1.05	1.87	-1.51	9.18	0.04	0.33	1.04	24.45
-0.04	0.27	1.03	-0.02	-0.41	8.14	0.04	0.33	1.04	24.46
-0.03	0.28	1.03	0.59	-0.84	8.20	0.04	0.33	1.04	24.42
-0.04	0.27	1.02	0.47	-1.08	8.32	0.04	0.33	1.04	24.44
-0.03	0.28	1.03	-0.02	-1.15	8.32	0.03	0.33	1.04	24.44
-0.03	0.26	1.02	2.24	-1.69	7.65	0.03	0.33	1.04	24.44
-0.04	0.27	1.03	1.26	-1.33	7.77	0.03	0.33	1.03	24.46
-0.03	0.28	1.03	3.15	-1.15	8.08	0.03	0.33	1.03	24.47
-0.04	0.28	1.03	1.14	-0.72	8.32	0.03	0.33	1.03	24.44
-0.04	0.27	1.03	1.63	-1.51	7.95	0.03	0.33	1.03	24.44
-0.04	0.28	1.03	0.22	0.01	8.75	0.03	0.33	1.03	24.46
-0.05	0.27	1.03	2.91	-1.51	8.32	0.03	0.33	1.03	24.42
-0.03	0.29	1.03	-0.14	-1.57	8.63	0.03	0.33	1.03	24.44
-0.04	0.27	1.03	1.50	-0.47	8.20	0.03	0.33	1.03	24.44
-0.04	0.28	1.03	2.30	-0.60	8.32	0.03	0.33	1.03	24.43
-0.04	0.28	1.03	0.65	-0.60	7.83	0.03	0.33	1.03	24.42
-0.03	0.28	1.03	1.26	-0.72	8.08	0.03	0.33	1.03	24.43
-0.04	0.27	1.03	1.44	-0.60	7.71	0.03	0.32	1.03	24.42
-0.04	0.28	1.03	0.77	-1.33	8.20	0.03	0.32	1.03	24.43
-0.04	0.27	1.02	0.40	-1.27	7.89	0.02	0.32	1.03	24.43
-0.04	0.28	1.03	2.42	-1.69	8.38	0.02	0.32	1.03	24.45
-0.04	0.27	1.03	1.44	-1.39	7.83	0.02	0.32	1.03	24.45
-0.04	0.29	1.03	1.81	-1.33	8.63	0.02	0.32	1.03	24.44
-0.04	0.27	1.03	1.20	-1.27	8.08	0.02	0.32	1.03	24.44
-0.04	0.28	1.03	0.04	-2.00	9.05	0.02	0.32	1.03	24.44
-0.03	0.26	1.03	0.40	-1.82	8.38	0.02	0.32	1.03	24.46
-0.04	0.28	1.03	1.63	-2.18	8.32	0.02	0.32	1.03	24.41
-0.03	0.27	1.03	1.32	-0.96	7.89	0.02	0.32	1.03	24.43
-0.04	0.28	1.02	1.32	-1.45	8.63	0.02	0.32	1.03	24.42
-0.04	0.27	1.03	0.89	-1.88	7.53	0.02	0.32	1.03	24.44
-0.04	0.28	1.03	0.53	-1.63	7.89	0.02	0.32	1.03	24.42
-0.04	0.27	1.03	1.32	-1.08	7.83	0.02	0.32	1.03	24.44
-0.03	0.27	1.04	1.02	-0.47	8.02	0.02	0.32	1.03	24.44
-0.04	0.27	1.04	-0.88	-0.53	8.32	0.02	0.32	1.03	24.43
-0.04	0.27	1.02	-0.82	-1.45	8.08	0.02	0.32	1.03	24.43
-0.04	0.26	1.02	0.53	-1.69	8.26	0.02	0.32	1.03	24.44
-0.04	0.26	1.03	1.08	-0.90	8.02	0.01	0.32	1.03	24.44
-0.03	0.27	1.03	0.89	-1.39	8.26	0.01	0.32	1.03	24.42
-0.04	0.26	1.03	1.93	-0.96	7.77	0.01	0.31	1.03	24.44
-0.04	0.27	1.03	0.65	-1.33	8.32	0.01	0.31	1.03	24.41
-0.04	0.27	1.03	1.50	-0.78	8.08	0.01	0.31	1.03	24.44
-0.04	0.26	1.03	0.77	-1.15	7.71	0.01	0.31	1.03	24.43
-0.04	0.27	1.03	1.44	-1.57	8.69	0.01	0.31	1.03	24.41
-0.04	0.26	1.03	0.28	-0.72	8.02	0.01	0.31	1.03	24.42
-0.04	0.27	1.03	1.20	-0.84	8.38	0.01	0.31	1.03	24.43
-0.04	0.27	1.03	1.08	-0.29	8.26	0.01	0.31	1.03	24.43
-0.03	0.27	1.03	1.20	-1.15	7.65	0.01	0.31	1.03	24.43
-0.04	0.27	1.03	1.26	-0.47	8.56	0.01	0.31	1.03	24.43
-0.04	0.26	1.03	1.26	-1.08	8.08	0.01	0.31	1.03	24.41
-0.04	0.26	1.03	0.53	-1.08	8.08	0.01	0.31	1.03	24.43
-0.04	0.26	1.02	1.93	-0.90	7.83	0.01	0.31	1.03	24.42
-0.04	0.27	1.03	1.56	-1.15	7.71	0.01	0.31	1.03	24.41
-0.04	0.27	1.03	2.79	-0.96	8.32	0.01	0.31	1.03	24.42
-0.04	0.27	1.04	1.20	-0.84	8.81	0.01	0.31	1.03	24.43
-0.05	0.27	1.03	1.02	-0.96	8.02	0.01	0.31	1.03	24.41
-0.05	0.27	1.03	0.28	-0.78	7.77	0.01	0.31	1.03	24.44
-0.04	0.26	1.03	0.53	-0.47	8.38	0.00	0.31	1.03	24.43
-0.05	0.27	1.03	1.44	-1.76	7.83	0.00	0.31	1.03	24.44
-0.04	0.26	1.03	1.20	-1.76	7.95	0.00	0.31	1.03	24.43
-0.04	0.27	1.03	1.81	-1.45	7.41	0.00	0.31	1.03	24.44
-0.04	0.26	1.03	1.50	-1.39	7.59	0.00	0.30	1.03	24.44
-0.04	0.27	1.04	2.24	-1.33	8.14	0.00	0.30	1.03	24.41
-0.05	0.27	1.05	1.63	-1.88	8.63	0.00	0.30	1.03	24.41
-0.04	0.28	1.03	-1.61	-1.94	8.69	0.00	0.30	1.03	24.44
-0.04	0.25	1.03	-1.49	-1.27	7.47	0.00	0.30	1.03	24.41
-0.04	0.26	1.02	-0.82	-0.53	7.53	0.00	0.30	1.03	24.42
